    1    0.0001  0.0014 -0.15259E-04  0.51772E-06  0.85906E-01  0.10510E+02  0.21267E+02
    2    0.0030  0.0430 -0.15648E-03  0.94370E-04  0.85999E-01  0.10486E+02  0.68568E+01
    3    0.0059  0.0846 -0.37340E-03  0.16952E-03  0.86075E-01  0.10462E+02  0.83512E+01
    4    0.0088  0.1261 -0.61964E-03  0.23819E-03  0.86143E-01  0.10438E+02  0.93404E+01
    5    0.0117  0.1675 -0.88721E-03  0.30229E-03  0.86207E-01  0.10414E+02  0.10060E+02
    6    0.0146  0.2089 -0.11661E-02  0.36437E-03  0.86269E-01  0.10391E+02  0.10654E+02
    7    0.0175  0.2502 -0.14624E-02  0.42287E-03  0.86328E-01  0.10368E+02  0.11180E+02
    8    0.0205  0.2914 -0.17719E-02  0.47889E-03  0.86384E-01  0.10344E+02  0.11655E+02
    9    0.0234  0.3326 -0.20943E-02  0.53256E-03  0.86438E-01  0.10321E+02  0.12100E+02
   10    0.0264  0.3738 -0.24275E-02  0.58432E-03  0.86489E-01  0.10298E+02  0.12511E+02
   11    0.0293  0.4148 -0.27714E-02  0.63421E-03  0.86539E-01  0.10275E+02  0.12889E+02
   12    0.0323  0.4559 -0.31253E-02  0.68234E-03  0.86587E-01  0.10253E+02  0.13273E+02
   13    0.0353  0.4968 -0.34885E-02  0.72916E-03  0.86634E-01  0.10230E+02  0.13608E+02
   14    0.0383  0.5377 -0.38610E-02  0.77428E-03  0.86679E-01  0.10207E+02  0.13954E+02
   15    0.0413  0.5786 -0.42419E-02  0.81826E-03  0.86723E-01  0.10185E+02  0.14278E+02
   16    0.0443  0.6193 -0.46309E-02  0.86099E-03  0.86766E-01  0.10162E+02  0.14588E+02
   17    0.0473  0.6601 -0.50282E-02  0.90238E-03  0.86807E-01  0.10140E+02  0.14896E+02
   18    0.0503  0.7007 -0.54335E-02  0.94262E-03  0.86848E-01  0.10117E+02  0.15194E+02
   19    0.0533  0.7413 -0.58467E-02  0.98188E-03  0.86887E-01  0.10095E+02  0.15488E+02
   20    0.0564  0.7819 -0.62667E-02  0.10203E-02  0.86925E-01  0.10073E+02  0.15766E+02
   21    0.0594  0.8224 -0.66942E-02  0.10572E-02  0.86962E-01  0.10051E+02  0.16055E+02
   22    0.0625  0.8628 -0.71293E-02  0.10935E-02  0.86999E-01  0.10029E+02  0.16326E+02
   23    0.0655  0.9031 -0.75807E-02  0.11263E-02  0.87031E-01  0.10007E+02  0.16617E+02
   24    0.0686  0.9434 -0.80276E-02  0.11611E-02  0.87066E-01  0.99845E+01  0.16875E+02
   25    0.0717  0.9837 -0.84825E-02  0.11946E-02  0.87100E-01  0.99626E+01  0.17141E+02
   26    0.0748  1.0239 -0.89441E-02  0.12275E-02  0.87133E-01  0.99407E+01  0.17393E+02
   27    0.0779  1.0640 -0.94124E-02  0.12593E-02  0.87164E-01  0.99189E+01  0.17649E+02
   28    0.0810  1.1040 -0.98871E-02  0.12905E-02  0.87196E-01  0.98972E+01  0.17902E+02
   29    0.0841  1.1440 -0.10369E-01  0.13206E-02  0.87226E-01  0.98755E+01  0.18148E+02
   30    0.0873  1.1839 -0.10856E-01  0.13501E-02  0.87255E-01  0.98538E+01  0.18398E+02
   31    0.0904  1.2238 -0.11351E-01  0.13786E-02  0.87284E-01  0.98322E+01  0.18643E+02
   32    0.0935  1.2636 -0.11851E-01  0.14064E-02  0.87311E-01  0.98107E+01  0.18890E+02
   33    0.0967  1.3033 -0.12358E-01  0.14333E-02  0.87338E-01  0.97892E+01  0.19130E+02
   34    0.0999  1.3430 -0.12871E-01  0.14595E-02  0.87365E-01  0.97678E+01  0.19375E+02
   35    0.1030  1.3826 -0.13390E-01  0.14850E-02  0.87390E-01  0.97464E+01  0.19607E+02
   36    0.1062  1.4221 -0.13916E-01  0.15097E-02  0.87415E-01  0.97251E+01  0.19846E+02
   37    0.1094  1.4616 -0.14447E-01  0.15338E-02  0.87439E-01  0.97038E+01  0.20087E+02
   38    0.1126  1.5010 -0.14984E-01  0.15570E-02  0.87462E-01  0.96826E+01  0.20316E+02
   39    0.1158  1.5404 -0.15528E-01  0.15796E-02  0.87485E-01  0.96614E+01  0.20556E+02
   40    0.1190  1.5796 -0.16078E-01  0.16013E-02  0.87506E-01  0.96403E+01  0.20786E+02
   41    0.1223  1.6189 -0.16633E-01  0.16226E-02  0.87528E-01  0.96193E+01  0.21016E+02
   42    0.1255  1.6580 -0.17194E-01  0.16429E-02  0.87548E-01  0.95983E+01  0.21251E+02
   43    0.1287  1.6971 -0.17762E-01  0.16624E-02  0.87567E-01  0.95773E+01  0.21480E+02
   44    0.1320  1.7361 -0.18335E-01  0.16815E-02  0.87587E-01  0.95564E+01  0.21713E+02
   45    0.1353  1.7751 -0.18913E-01  0.16997E-02  0.87605E-01  0.95355E+01  0.21943E+02
   46    0.1385  1.8139 -0.19498E-01  0.17173E-02  0.87622E-01  0.95147E+01  0.22174E+02
   47    0.1418  1.8528 -0.20089E-01  0.17342E-02  0.87639E-01  0.94939E+01  0.22401E+02
   48    0.1451  1.8915 -0.20685E-01  0.17503E-02  0.87655E-01  0.94732E+01  0.22628E+02
   49    0.1484  1.9302 -0.21287E-01  0.17660E-02  0.87671E-01  0.94526E+01  0.22860E+02
   50    0.1517  1.9688 -0.21895E-01  0.17808E-02  0.87686E-01  0.94319E+01  0.23083E+02
   51    0.1551  2.0073 -0.22509E-01  0.17947E-02  0.87700E-01  0.94114E+01  0.23312E+02
   52    0.1584  2.0458 -0.23128E-01  0.18084E-02  0.87713E-01  0.93908E+01  0.23542E+02
   53    0.1617  2.0842 -0.23753E-01  0.18210E-02  0.87726E-01  0.93703E+01  0.23763E+02
   54    0.1651  2.1226 -0.24384E-01  0.18330E-02  0.87738E-01  0.93499E+01  0.23993E+02
   55    0.1685  2.1608 -0.25020E-01  0.18444E-02  0.87749E-01  0.93295E+01  0.24219E+02
   56    0.1718  2.1990 -0.25662E-01  0.18550E-02  0.87760E-01  0.93092E+01  0.24445E+02
   57    0.1752  2.2372 -0.26310E-01  0.18650E-02  0.87770E-01  0.92889E+01  0.24669E+02
   58    0.1786  2.2752 -0.26963E-01  0.18742E-02  0.87779E-01  0.92687E+01  0.24893E+02
   59    0.1820  2.3132 -0.27623E-01  0.18827E-02  0.87788E-01  0.92485E+01  0.25120E+02
   60    0.1854  2.3511 -0.28287E-01  0.18906E-02  0.87796E-01  0.92283E+01  0.25342E+02
   61    0.1888  2.3890 -0.28958E-01  0.18977E-02  0.87803E-01  0.92082E+01  0.25572E+02
   62    0.1923  2.4268 -0.29634E-01  0.19042E-02  0.87809E-01  0.91882E+01  0.25794E+02
   63    0.1957  2.4645 -0.30316E-01  0.19099E-02  0.87815E-01  0.91682E+01  0.26022E+02
   64    0.1991  2.5021 -0.31003E-01  0.19150E-02  0.87820E-01  0.91482E+01  0.26247E+02
   65    0.2026  2.5397 -0.31696E-01  0.19192E-02  0.87824E-01  0.91283E+01  0.26475E+02
   66    0.2061  2.5772 -0.32395E-01  0.19228E-02  0.87828E-01  0.91084E+01  0.26697E+02
   67    0.2096  2.6146 -0.33100E-01  0.19257E-02  0.87831E-01  0.90886E+01  0.26922E+02
   68    0.2130  2.6520 -0.33810E-01  0.19279E-02  0.87833E-01  0.90688E+01  0.27147E+02
   69    0.2165  2.6892 -0.34526E-01  0.19293E-02  0.87834E-01  0.90491E+01  0.27378E+02
   70    0.2201  2.7264 -0.35248E-01  0.19299E-02  0.87835E-01  0.90294E+01  0.27599E+02
   71    0.2236  2.7636 -0.35975E-01  0.19300E-02  0.87835E-01  0.90097E+01  0.27824E+02
   72    0.2271  2.8006 -0.36708E-01  0.19292E-02  0.87834E-01  0.89901E+01  0.27702E+02
   73    0.2306  2.8376 -0.37434E-01  0.19309E-02  0.87836E-01  0.89705E+01  0.27928E+02
   74    0.2342  2.8746 -0.38178E-01  0.19284E-02  0.87833E-01  0.89510E+01  0.28504E+02
   75    0.2378  2.9114 -0.38928E-01  0.19255E-02  0.87831E-01  0.89315E+01  0.28726E+02
   76    0.2413  2.9482 -0.39684E-01  0.19220E-02  0.87827E-01  0.89121E+01  0.28960E+02
   77    0.2449  2.9849 -0.40445E-01  0.19173E-02  0.87822E-01  0.88927E+01  0.29182E+02
   78    0.2485  3.0215 -0.41212E-01  0.19121E-02  0.87817E-01  0.88734E+01  0.29406E+02
   79    0.2521  3.0580 -0.41984E-01  0.19062E-02  0.87811E-01  0.88541E+01  0.29634E+02
   80    0.2557  3.0945 -0.42762E-01  0.18995E-02  0.87805E-01  0.88349E+01  0.29863E+02
   81    0.2593  3.1309 -0.43546E-01  0.18921E-02  0.87797E-01  0.88157E+01  0.30092E+02
   82    0.2630  3.1672 -0.44336E-01  0.18840E-02  0.87789E-01  0.87966E+01  0.30316E+02
   83    0.2666  3.2035 -0.45131E-01  0.18749E-02  0.87780E-01  0.87775E+01  0.30544E+02
   84    0.2703  3.2397 -0.45932E-01  0.18651E-02  0.87770E-01  0.87584E+01  0.30773E+02
   85    0.2739  3.2758 -0.46739E-01  0.18546E-02  0.87760E-01  0.87394E+01  0.31001E+02
   86    0.2776  3.3118 -0.47551E-01  0.18435E-02  0.87749E-01  0.87204E+01  0.31227E+02
   87    0.2813  3.3478 -0.48368E-01  0.18314E-02  0.87737E-01  0.87015E+01  0.31454E+02
   88    0.2850  3.3836 -0.49192E-01  0.18187E-02  0.87724E-01  0.86826E+01  0.31685E+02
   89    0.2887  3.4194 -0.50021E-01  0.18051E-02  0.87710E-01  0.86638E+01  0.31914E+02
   90    0.2924  3.4552 -0.50857E-01  0.17906E-02  0.87696E-01  0.86450E+01  0.32142E+02
   91    0.2962  3.4908 -0.51697E-01  0.17757E-02  0.87681E-01  0.86263E+01  0.32371E+02
   92    0.2999  3.5264 -0.52543E-01  0.17597E-02  0.87665E-01  0.86076E+01  0.32601E+02
   93    0.3036  3.5619 -0.53396E-01  0.17429E-02  0.87648E-01  0.85890E+01  0.32831E+02
   94    0.3074  3.5973 -0.54253E-01  0.17255E-02  0.87631E-01  0.85703E+01  0.33060E+02
   95    0.3112  3.6326 -0.55117E-01  0.17072E-02  0.87612E-01  0.85518E+01  0.33291E+02
   96    0.3150  3.6679 -0.55986E-01  0.16881E-02  0.87593E-01  0.85333E+01  0.33521E+02
   97    0.3188  3.7031 -0.56862E-01  0.16681E-02  0.87573E-01  0.85148E+01  0.33751E+02
   98    0.3226  3.7382 -0.57743E-01  0.16475E-02  0.87553E-01  0.84964E+01  0.33985E+02
   99    0.3264  3.7732 -0.58630E-01  0.16259E-02  0.87531E-01  0.84780E+01  0.34214E+02
  100    0.3302  3.8082 -0.59523E-01  0.16034E-02  0.87508E-01  0.84597E+01  0.34441E+02
  101    0.3340  3.8431 -0.60421E-01  0.15802E-02  0.87485E-01  0.84414E+01  0.34676E+02
  102    0.3379  3.8779 -0.61325E-01  0.15560E-02  0.87461E-01  0.84232E+01  0.34910E+02
  103    0.3417  3.9126 -0.62236E-01  0.15309E-02  0.87436E-01  0.84050E+01  0.35137E+02
  104    0.3456  3.9472 -0.63152E-01  0.15049E-02  0.87410E-01  0.83868E+01  0.35371E+02
  105    0.3495  3.9818 -0.64074E-01  0.14783E-02  0.87383E-01  0.83687E+01  0.35603E+02
  106    0.3534  4.0163 -0.65002E-01  0.14507E-02  0.87356E-01  0.83506E+01  0.35834E+02
  107    0.3573  4.0507 -0.65935E-01  0.14222E-02  0.87327E-01  0.83326E+01  0.36068E+02
  108    0.3612  4.0850 -0.66875E-01  0.13926E-02  0.87298E-01  0.83147E+01  0.36299E+02
  109    0.3651  4.1193 -0.67821E-01  0.13625E-02  0.87268E-01  0.82967E+01  0.36533E+02
  110    0.3691  4.1534 -0.68773E-01  0.13312E-02  0.87236E-01  0.82788E+01  0.36766E+02
  111    0.3730  4.1875 -0.69730E-01  0.12990E-02  0.87204E-01  0.82610E+01  0.37001E+02
  112    0.3770  4.2215 -0.70693E-01  0.12661E-02  0.87171E-01  0.82432E+01  0.37235E+02
  113    0.3810  4.2555 -0.71662E-01  0.12324E-02  0.87137E-01  0.82254E+01  0.37469E+02
  114    0.3850  4.2893 -0.72637E-01  0.11974E-02  0.87103E-01  0.82077E+01  0.37701E+02
  115    0.3889  4.3231 -0.73618E-01  0.11619E-02  0.87067E-01  0.81901E+01  0.37937E+02
  116    0.3930  4.3568 -0.74605E-01  0.11254E-02  0.87030E-01  0.81724E+01  0.38171E+02
  117    0.3970  4.3904 -0.75598E-01  0.10880E-02  0.86993E-01  0.81549E+01  0.38405E+02
  118    0.4010  4.4240 -0.76596E-01  0.10497E-02  0.86955E-01  0.81373E+01  0.38638E+02
  119    0.4050  4.4574 -0.77601E-01  0.10103E-02  0.86915E-01  0.81198E+01  0.38874E+02
  120    0.4091  4.4908 -0.78611E-01  0.97031E-03  0.86875E-01  0.81024E+01  0.39112E+02
  121    0.4132  4.5241 -0.79627E-01  0.92929E-03  0.86834E-01  0.80850E+01  0.39345E+02
  122    0.4172  4.5573 -0.80650E-01  0.88740E-03  0.86792E-01  0.80677E+01  0.39581E+02
  123    0.4213  4.5904 -0.81678E-01  0.84441E-03  0.86749E-01  0.80503E+01  0.39816E+02
  124    0.4254  4.6235 -0.82712E-01  0.80059E-03  0.86706E-01  0.80331E+01  0.40056E+02
  125    0.4295  4.6564 -0.83752E-01  0.75589E-03  0.86661E-01  0.80159E+01  0.40289E+02
  126    0.4337  4.6893 -0.84799E-01  0.71030E-03  0.86615E-01  0.79987E+01  0.40525E+02
  127    0.4378  4.7221 -0.85851E-01  0.66357E-03  0.86569E-01  0.79816E+01  0.40763E+02
  128    0.4420  4.7549 -0.86909E-01  0.61601E-03  0.86521E-01  0.79645E+01  0.40997E+02
  129    0.4461  4.7875 -0.87973E-01  0.56757E-03  0.86473E-01  0.79474E+01  0.41239E+02
  130    0.4503  4.8201 -0.89044E-01  0.51808E-03  0.86423E-01  0.79304E+01  0.41474E+02
  131    0.4545  4.8526 -0.90121E-01  0.46740E-03  0.86372E-01  0.79135E+01  0.41712E+02
  132    0.4587  4.8850 -0.91203E-01  0.41605E-03  0.86321E-01  0.78966E+01  0.41946E+02
  133    0.4629  4.9173 -0.92291E-01  0.36370E-03  0.86269E-01  0.78797E+01  0.42185E+02
  134    0.4671  4.9495 -0.93385E-01  0.31021E-03  0.86215E-01  0.78629E+01  0.42423E+02
  135    0.4713  4.9817 -0.94486E-01  0.25589E-03  0.86161E-01  0.78461E+01  0.42662E+02
  136    0.4756  5.0138 -0.95593E-01  0.20041E-03  0.86105E-01  0.78294E+01  0.42899E+02
  137    0.4798  5.0458 -0.96705E-01  0.14406E-03  0.86049E-01  0.78127E+01  0.43140E+02
  138    0.4841  5.0777 -0.97824E-01  0.86554E-04  0.85992E-01  0.77960E+01  0.43373E+02
  139    0.4884  5.1095 -0.98949E-01  0.28370E-04  0.85933E-01  0.77794E+01  0.43617E+02
  140    0.4927  5.1412 -0.10008E+00 -0.31220E-04  0.85874E-01  0.77629E+01  0.43852E+02
  141    0.4970  5.1729 -0.10122E+00 -0.91542E-04  0.85814E-01  0.77464E+01  0.44091E+02
  142    0.5013  5.2045 -0.10236E+00 -0.15281E-03  0.85752E-01  0.77299E+01  0.44327E+02
  143    0.5056  5.2360 -0.10351E+00 -0.21524E-03  0.85690E-01  0.77135E+01  0.44565E+02
  144    0.5100  5.2674 -0.10467E+00 -0.27860E-03  0.85626E-01  0.76971E+01  0.44804E+02
  145    0.5143  5.2987 -0.10583E+00 -0.34307E-03  0.85562E-01  0.76808E+01  0.45041E+02
  146    0.5187  5.3300 -0.10699E+00 -0.40854E-03  0.85497E-01  0.76645E+01  0.45283E+02
  147    0.5231  5.3612 -0.10817E+00 -0.47496E-03  0.85430E-01  0.76482E+01  0.45523E+02
  148    0.5275  5.3922 -0.10935E+00 -0.54255E-03  0.85363E-01  0.76320E+01  0.45759E+02
  149    0.5319  5.4233 -0.11054E+00 -0.61118E-03  0.85294E-01  0.76159E+01  0.46002E+02
  150    0.5363  5.4542 -0.11173E+00 -0.68076E-03  0.85224E-01  0.75998E+01  0.46241E+02
  151    0.5407  5.4850 -0.11293E+00 -0.75139E-03  0.85154E-01  0.75837E+01  0.46478E+02
  152    0.5452  5.5158 -0.11413E+00 -0.82328E-03  0.85082E-01  0.75676E+01  0.46717E+02
  153    0.5497  5.5464 -0.11534E+00 -0.89627E-03  0.85009E-01  0.75516E+01  0.46958E+02
  154    0.5541  5.5770 -0.11656E+00 -0.97015E-03  0.84935E-01  0.75357E+01  0.47194E+02
  155    0.5586  5.6075 -0.11778E+00 -0.10450E-02  0.84860E-01  0.75198E+01  0.47436E+02
  156    0.5631  5.6380 -0.11901E+00 -0.11211E-02  0.84784E-01  0.75039E+01  0.47672E+02
  157    0.5676  5.6683 -0.12025E+00 -0.11983E-02  0.84707E-01  0.74881E+01  0.47912E+02
  158    0.5721  5.6986 -0.12149E+00 -0.12764E-02  0.84629E-01  0.74723E+01  0.48150E+02
  159    0.5767  5.7287 -0.12274E+00 -0.13556E-02  0.84549E-01  0.74566E+01  0.48389E+02
  160    0.5812  5.7588 -0.12399E+00 -0.14360E-02  0.84469E-01  0.74409E+01  0.48627E+02
  161    0.5858  5.7888 -0.12525E+00 -0.15175E-02  0.84388E-01  0.74253E+01  0.48865E+02
  162    0.5904  5.8188 -0.12652E+00 -0.16000E-02  0.84305E-01  0.74097E+01  0.49104E+02
  163    0.5949  5.8486 -0.12779E+00 -0.16834E-02  0.84222E-01  0.73941E+01  0.49346E+02
  164    0.5995  5.8784 -0.12907E+00 -0.17681E-02  0.84137E-01  0.73786E+01  0.49582E+02
  165    0.6042  5.9080 -0.13036E+00 -0.18540E-02  0.84051E-01  0.73631E+01  0.49821E+02
  166    0.6088  5.9376 -0.13165E+00 -0.19408E-02  0.83964E-01  0.73477E+01  0.50058E+02
  167    0.6134  5.9671 -0.13295E+00 -0.20289E-02  0.83876E-01  0.73324E+01  0.50298E+02
  168    0.6181  5.9966 -0.13425E+00 -0.21181E-02  0.83787E-01  0.73170E+01  0.50536E+02
  169    0.6228  6.0259 -0.13557E+00 -0.22083E-02  0.83697E-01  0.73017E+01  0.50773E+02
  170    0.6274  6.0552 -0.13688E+00 -0.22998E-02  0.83605E-01  0.72865E+01  0.51012E+02
  171    0.6321  6.0843 -0.13821E+00 -0.23924E-02  0.83513E-01  0.72713E+01  0.51249E+02
  172    0.6368  6.1134 -0.13954E+00 -0.24861E-02  0.83419E-01  0.72561E+01  0.51486E+02
  173    0.6416  6.1424 -0.14087E+00 -0.25807E-02  0.83324E-01  0.72410E+01  0.51724E+02
  174    0.6463  6.1713 -0.14222E+00 -0.26768E-02  0.83228E-01  0.72259E+01  0.51962E+02
  175    0.6511  6.2002 -0.14357E+00 -0.27739E-02  0.83131E-01  0.72109E+01  0.52197E+02
  176    0.6558  6.2289 -0.14492E+00 -0.28721E-02  0.83033E-01  0.71959E+01  0.52439E+02
  177    0.6606  6.2576 -0.14628E+00 -0.29715E-02  0.82934E-01  0.71810E+01  0.52675E+02
  178    0.6654  6.2862 -0.14765E+00 -0.30721E-02  0.82833E-01  0.71661E+01  0.52912E+02
  179    0.6702  6.3147 -0.14903E+00 -0.31739E-02  0.82731E-01  0.71512E+01  0.53147E+02
  180    0.6750  6.3431 -0.15041E+00 -0.32767E-02  0.82628E-01  0.71364E+01  0.53383E+02
  181    0.6798  6.3715 -0.15180E+00 -0.33808E-02  0.82524E-01  0.71216E+01  0.53622E+02
  182    0.6847  6.3997 -0.15319E+00 -0.34861E-02  0.82419E-01  0.71069E+01  0.53856E+02
  183    0.6896  6.4279 -0.15459E+00 -0.35925E-02  0.82313E-01  0.70922E+01  0.54092E+02
  184    0.6944  6.4560 -0.15600E+00 -0.37003E-02  0.82205E-01  0.70776E+01  0.54324E+02
  185    0.6993  6.4840 -0.15741E+00 -0.38092E-02  0.82096E-01  0.70630E+01  0.54561E+02
  186    0.7042  6.5119 -0.15883E+00 -0.39195E-02  0.81986E-01  0.70484E+01  0.54797E+02
  187    0.7091  6.5398 -0.16026E+00 -0.40308E-02  0.81874E-01  0.70339E+01  0.55028E+02
  188    0.7141  6.5675 -0.16169E+00 -0.41434E-02  0.81762E-01  0.70194E+01  0.55263E+02
  189    0.7190  6.5952 -0.16313E+00 -0.42572E-02  0.81648E-01  0.70050E+01  0.55498E+02
  190    0.7240  6.6228 -0.16458E+00 -0.43721E-02  0.81533E-01  0.69906E+01  0.55732E+02
  191    0.7289  6.6503 -0.16603E+00 -0.44885E-02  0.81417E-01  0.69762E+01  0.55965E+02
  192    0.7339  6.6777 -0.16749E+00 -0.46059E-02  0.81299E-01  0.69619E+01  0.56199E+02
  193    0.7389  6.7051 -0.16896E+00 -0.47247E-02  0.81180E-01  0.69477E+01  0.56430E+02
  194    0.7440  6.7323 -0.17043E+00 -0.48446E-02  0.81061E-01  0.69335E+01  0.56665E+02
  195    0.7490  6.7595 -0.17191E+00 -0.49657E-02  0.80939E-01  0.69193E+01  0.56898E+02
  196    0.7540  6.7866 -0.17339E+00 -0.50880E-02  0.80817E-01  0.69052E+01  0.57130E+02
  197    0.7591  6.8136 -0.17488E+00 -0.52117E-02  0.80693E-01  0.68911E+01  0.57356E+02
  198    0.7642  6.8405 -0.17638E+00 -0.53363E-02  0.80569E-01  0.68771E+01  0.57588E+02
  199    0.7693  6.8674 -0.17789E+00 -0.54623E-02  0.80443E-01  0.68631E+01  0.57821E+02
  200    0.7744  6.8941 -0.17940E+00 -0.55896E-02  0.80315E-01  0.68491E+01  0.58052E+02
  201    0.7795  6.9208 -0.18092E+00 -0.57182E-02  0.80187E-01  0.68352E+01  0.58280E+02
  202    0.7846  6.9474 -0.18244E+00 -0.58477E-02  0.80057E-01  0.68213E+01  0.58507E+02
  203    0.7898  6.9739 -0.18397E+00 -0.59790E-02  0.79926E-01  0.68075E+01  0.58738E+02
  204    0.7949  7.0004 -0.18551E+00 -0.61110E-02  0.79794E-01  0.67937E+01  0.58965E+02
  205    0.8001  7.0267 -0.18706E+00 -0.62446E-02  0.79660E-01  0.67800E+01  0.59192E+02
  206    0.8053  7.0530 -0.18861E+00 -0.63792E-02  0.79526E-01  0.67663E+01  0.59423E+02
  207    0.8105  7.0792 -0.19016E+00 -0.65155E-02  0.79390E-01  0.67526E+01  0.59648E+02
  208    0.8157  7.1053 -0.19173E+00 -0.66527E-02  0.79252E-01  0.67390E+01  0.59874E+02
  209    0.8210  7.1313 -0.19330E+00 -0.67913E-02  0.79114E-01  0.67254E+01  0.60099E+02
  210    0.8262  7.1572 -0.19487E+00 -0.69312E-02  0.78974E-01  0.67119E+01  0.60324E+02
  211    0.8315  7.1831 -0.19646E+00 -0.70723E-02  0.78833E-01  0.66984E+01  0.60550E+02
  212    0.8368  7.2088 -0.19805E+00 -0.72149E-02  0.78690E-01  0.66849E+01  0.60775E+02
  213    0.8421  7.2345 -0.19965E+00 -0.73588E-02  0.78546E-01  0.66715E+01  0.60998E+02
  214    0.8474  7.2601 -0.20125E+00 -0.75040E-02  0.78401E-01  0.66582E+01  0.61219E+02
  215    0.8527  7.2857 -0.20286E+00 -0.76504E-02  0.78255E-01  0.66448E+01  0.61443E+02
  216    0.8581  7.3111 -0.20448E+00 -0.77982E-02  0.78107E-01  0.66315E+01  0.61667E+02
  217    0.8634  7.3365 -0.20610E+00 -0.79473E-02  0.77958E-01  0.66183E+01  0.61889E+02
  218    0.8688  7.3618 -0.20773E+00 -0.80977E-02  0.77807E-01  0.66051E+01  0.62110E+02
  219    0.8742  7.3870 -0.20937E+00 -0.82495E-02  0.77656E-01  0.65919E+01  0.62329E+02
  220    0.8796  7.4121 -0.21101E+00 -0.84026E-02  0.77503E-01  0.65788E+01  0.62550E+02
  221    0.8850  7.4371 -0.21266E+00 -0.85567E-02  0.77348E-01  0.65658E+01  0.62769E+02
  222    0.8905  7.4621 -0.21432E+00 -0.87126E-02  0.77192E-01  0.65527E+01  0.62988E+02
  223    0.8959  7.4869 -0.21598E+00 -0.88695E-02  0.77036E-01  0.65397E+01  0.63206E+02
  224    0.9014  7.5117 -0.21765E+00 -0.90276E-02  0.76877E-01  0.65268E+01  0.63424E+02
  225    0.9069  7.5365 -0.21933E+00 -0.91873E-02  0.76718E-01  0.65139E+01  0.63641E+02
  226    0.9124  7.5611 -0.22101E+00 -0.93482E-02  0.76557E-01  0.65010E+01  0.63855E+02
  227    0.9179  7.5856 -0.22270E+00 -0.95104E-02  0.76395E-01  0.64882E+01  0.64071E+02
  228    0.9234  7.6101 -0.22440E+00 -0.96739E-02  0.76231E-01  0.64754E+01  0.64284E+02
  229    0.9290  7.6345 -0.22610E+00 -0.98389E-02  0.76066E-01  0.64627E+01  0.64499E+02
  230    0.9346  7.6588 -0.22781E+00 -0.10005E-01  0.75900E-01  0.64499E+01  0.64712E+02
  231    0.9401  7.6830 -0.22953E+00 -0.10173E-01  0.75733E-01  0.64373E+01  0.64926E+02
  232    0.9457  7.7072 -0.23125E+00 -0.10341E-01  0.75564E-01  0.64247E+01  0.65135E+02
  233    0.9513  7.7313 -0.23298E+00 -0.10512E-01  0.75393E-01  0.64121E+01  0.65346E+02
  234    0.9570  7.7553 -0.23472E+00 -0.10683E-01  0.75222E-01  0.63995E+01  0.65561E+02
  235    0.9626  7.7792 -0.23646E+00 -0.10856E-01  0.75049E-01  0.63870E+01  0.65770E+02
  236    0.9683  7.8030 -0.23821E+00 -0.11030E-01  0.74875E-01  0.63746E+01  0.65977E+02
  237    0.9740  7.8268 -0.23997E+00 -0.11206E-01  0.74699E-01  0.63622E+01  0.66182E+02
  238    0.9797  7.8504 -0.24173E+00 -0.11383E-01  0.74522E-01  0.63498E+01  0.66395E+02
  239    0.9854  7.8740 -0.24350E+00 -0.11561E-01  0.74344E-01  0.63374E+01  0.66599E+02
  240    0.9911  7.8975 -0.24528E+00 -0.11741E-01  0.74164E-01  0.63252E+01  0.66805E+02
  241    0.9968  7.9210 -0.24706E+00 -0.11922E-01  0.73983E-01  0.63129E+01  0.67010E+02
  242    1.0026  7.9443 -0.24885E+00 -0.12104E-01  0.73801E-01  0.63007E+01  0.67213E+02
  243    1.0084  7.9676 -0.25065E+00 -0.12288E-01  0.73617E-01  0.62885E+01  0.67417E+02
  244    1.0142  7.9908 -0.25245E+00 -0.12473E-01  0.73432E-01  0.62764E+01  0.67620E+02
  245    1.0200  8.0139 -0.25426E+00 -0.12659E-01  0.73246E-01  0.62643E+01  0.67822E+02
  246    1.0258  8.0369 -0.25608E+00 -0.12847E-01  0.73058E-01  0.62523E+01  0.68022E+02
  247    1.0317  8.0599 -0.25790E+00 -0.13036E-01  0.72869E-01  0.62402E+01  0.68222E+02
  248    1.0375  8.0828 -0.25973E+00 -0.13227E-01  0.72678E-01  0.62283E+01  0.68423E+02
  249    1.0434  8.1056 -0.26157E+00 -0.13418E-01  0.72487E-01  0.62163E+01  0.68620E+02
  250    1.0493  8.1283 -0.26341E+00 -0.13612E-01  0.72293E-01  0.62044E+01  0.68820E+02
  251    1.0552  8.1510 -0.26526E+00 -0.13806E-01  0.72099E-01  0.61926E+01  0.69014E+02
  252    1.0611  8.1735 -0.26712E+00 -0.14002E-01  0.71903E-01  0.61808E+01  0.69211E+02
  253    1.0671  8.1960 -0.26898E+00 -0.14200E-01  0.71705E-01  0.61690E+01  0.69409E+02
  254    1.0731  8.2184 -0.27085E+00 -0.14399E-01  0.71506E-01  0.61573E+01  0.69601E+02
  255    1.0790  8.2408 -0.27273E+00 -0.14599E-01  0.71306E-01  0.61456E+01  0.69795E+02
  256    1.0850  8.2630 -0.27461E+00 -0.14801E-01  0.71104E-01  0.61340E+01  0.69988E+02
  257    1.0910  8.2852 -0.27650E+00 -0.15005E-01  0.70901E-01  0.61224E+01  0.70178E+02
  258    1.0971  8.3073 -0.27840E+00 -0.15209E-01  0.70696E-01  0.61108E+01  0.70368E+02
  259    1.1031  8.3294 -0.28031E+00 -0.15416E-01  0.70489E-01  0.60993E+01  0.70556E+02
  260    1.1092  8.3513 -0.28222E+00 -0.15624E-01  0.70282E-01  0.60878E+01  0.70743E+02
  261    1.1153  8.3732 -0.28413E+00 -0.15833E-01  0.70072E-01  0.60763E+01  0.70930E+02
  262    1.1214  8.3950 -0.28606E+00 -0.16043E-01  0.69862E-01  0.60649E+01  0.71116E+02
  263    1.1275  8.4167 -0.28799E+00 -0.16255E-01  0.69650E-01  0.60535E+01  0.71299E+02
  264    1.1336  8.4384 -0.28993E+00 -0.16469E-01  0.69437E-01  0.60422E+01  0.71486E+02
  265    1.1398  8.4599 -0.29187E+00 -0.16683E-01  0.69222E-01  0.60309E+01  0.71667E+02
  266    1.1460  8.4814 -0.29383E+00 -0.16899E-01  0.69006E-01  0.60196E+01  0.71850E+02
  267    1.1522  8.5028 -0.29579E+00 -0.17117E-01  0.68788E-01  0.60084E+01  0.72031E+02
  268    1.1584  8.5242 -0.29775E+00 -0.17336E-01  0.68569E-01  0.59972E+01  0.72213E+02
  269    1.1646  8.5454 -0.29972E+00 -0.17557E-01  0.68348E-01  0.59861E+01  0.72394E+02
  270    1.1709  8.5666 -0.30170E+00 -0.17779E-01  0.68126E-01  0.59750E+01  0.72573E+02
  271    1.1771  8.5878 -0.30369E+00 -0.18003E-01  0.67902E-01  0.59640E+01  0.72751E+02
  272    1.1834  8.6088 -0.30568E+00 -0.18228E-01  0.67677E-01  0.59529E+01  0.72927E+02
  273    1.1897  8.6298 -0.30768E+00 -0.18454E-01  0.67451E-01  0.59420E+01  0.73103E+02
  274    1.1960  8.6507 -0.30969E+00 -0.18683E-01  0.67223E-01  0.59310E+01  0.73278E+02
  275    1.2023  8.6715 -0.31170E+00 -0.18912E-01  0.66993E-01  0.59201E+01  0.73451E+02
  276    1.2087  8.6922 -0.31372E+00 -0.19143E-01  0.66762E-01  0.59093E+01  0.73626E+02
  277    1.2151  8.7129 -0.31575E+00 -0.19375E-01  0.66530E-01  0.58984E+01  0.73795E+02
  278    1.2215  8.7335 -0.31778E+00 -0.19609E-01  0.66296E-01  0.58877E+01  0.73965E+02
  279    1.2279  8.7540 -0.31982E+00 -0.19845E-01  0.66060E-01  0.58769E+01  0.74134E+02
  280    1.2343  8.7745 -0.32187E+00 -0.20081E-01  0.65824E-01  0.58662E+01  0.74306E+02
  281    1.2408  8.7948 -0.32393E+00 -0.20320E-01  0.65585E-01  0.58555E+01  0.74473E+02
  282    1.2472  8.8151 -0.32599E+00 -0.20560E-01  0.65345E-01  0.58449E+01  0.74638E+02
  283    1.2537  8.8354 -0.32806E+00 -0.20801E-01  0.65104E-01  0.58343E+01  0.74804E+02
  284    1.2602  8.8555 -0.33013E+00 -0.21044E-01  0.64861E-01  0.58238E+01  0.74967E+02
  285    1.2667  8.8756 -0.33221E+00 -0.21289E-01  0.64617E-01  0.58133E+01  0.75128E+02
  286    1.2733  8.8956 -0.33430E+00 -0.21535E-01  0.64370E-01  0.58028E+01  0.75289E+02
  287    1.2798  8.9155 -0.33640E+00 -0.21782E-01  0.64123E-01  0.57924E+01  0.75449E+02
  288    1.2864  8.9354 -0.33851E+00 -0.22032E-01  0.63873E-01  0.57820E+01  0.75605E+02
  289    1.2930  8.9552 -0.34062E+00 -0.22283E-01  0.63622E-01  0.57717E+01  0.75763E+02
  290    1.2996  8.9749 -0.34274E+00 -0.22536E-01  0.63369E-01  0.57613E+01  0.75918E+02
  291    1.3062  8.9946 -0.34486E+00 -0.22790E-01  0.63115E-01  0.57511E+01  0.76071E+02
  292    1.3129  9.0141 -0.34699E+00 -0.23046E-01  0.62859E-01  0.57408E+01  0.76227E+02
  293    1.3196  9.0336 -0.34913E+00 -0.23303E-01  0.62602E-01  0.57306E+01  0.76378E+02
  294    1.3263  9.0531 -0.35127E+00 -0.23561E-01  0.62344E-01  0.57204E+01  0.76529E+02
  295    1.3330  9.0724 -0.35342E+00 -0.23820E-01  0.62085E-01  0.57103E+01  0.76682E+02
  296    1.3397  9.0917 -0.35558E+00 -0.24081E-01  0.61824E-01  0.57001E+01  0.76829E+02
  297    1.3465  9.1109 -0.35774E+00 -0.24343E-01  0.61562E-01  0.56901E+01  0.76976E+02
  298    1.3532  9.1301 -0.35992E+00 -0.24607E-01  0.61298E-01  0.56801E+01  0.77124E+02
  299    1.3600  9.1492 -0.36209E+00 -0.24872E-01  0.61033E-01  0.56702E+01  0.77268E+02
  300    1.3668  9.1682 -0.36428E+00 -0.25140E-01  0.60765E-01  0.56603E+01  0.77412E+02
  301    1.3737  9.1871 -0.36647E+00 -0.25409E-01  0.60496E-01  0.56504E+01  0.77555E+02
  302    1.3805  9.2060 -0.36868E+00 -0.25680E-01  0.60225E-01  0.56405E+01  0.77693E+02
  303    1.3874  9.2248 -0.37088E+00 -0.25952E-01  0.59953E-01  0.56308E+01  0.77830E+02
  304    1.3943  9.2435 -0.37310E+00 -0.26226E-01  0.59679E-01  0.56210E+01  0.77970E+02
  305    1.4012  9.2622 -0.37532E+00 -0.26501E-01  0.59404E-01  0.56113E+01  0.78107E+02
  306    1.4081  9.2807 -0.37755E+00 -0.26778E-01  0.59127E-01  0.56016E+01  0.78240E+02
  307    1.4151  9.2993 -0.37979E+00 -0.27057E-01  0.58848E-01  0.55919E+01  0.78374E+02
  308    1.4220  9.3177 -0.38203E+00 -0.27337E-01  0.58568E-01  0.55823E+01  0.78507E+02
  309    1.4290  9.3361 -0.38428E+00 -0.27619E-01  0.58286E-01  0.55727E+01  0.78637E+02
  310    1.4360  9.3544 -0.38653E+00 -0.27902E-01  0.58003E-01  0.55632E+01  0.78767E+02
  311    1.4430  9.3727 -0.38880E+00 -0.28187E-01  0.57718E-01  0.55537E+01  0.78893E+02
  312    1.4501  9.3908 -0.39107E+00 -0.28474E-01  0.57431E-01  0.55442E+01  0.79021E+02
  313    1.4572  9.4089 -0.39334E+00 -0.28762E-01  0.57143E-01  0.55348E+01  0.79147E+02
  314    1.4643  9.4270 -0.39563E+00 -0.29051E-01  0.56854E-01  0.55254E+01  0.79270E+02
  315    1.4714  9.4450 -0.39792E+00 -0.29343E-01  0.56562E-01  0.55160E+01  0.79390E+02
  316    1.4785  9.4629 -0.40022E+00 -0.29635E-01  0.56270E-01  0.55067E+01  0.79511E+02
  317    1.4856  9.4807 -0.40252E+00 -0.29929E-01  0.55976E-01  0.54974E+01  0.79631E+02
  318    1.4928  9.4985 -0.40483E+00 -0.30225E-01  0.55680E-01  0.54882E+01  0.79744E+02
  319    1.5000  9.5162 -0.40715E+00 -0.30522E-01  0.55383E-01  0.54790E+01  0.79862E+02
  320    1.5072  9.5338 -0.40948E+00 -0.30821E-01  0.55084E-01  0.54698E+01  0.79977E+02
  321    1.5145  9.5514 -0.41181E+00 -0.31122E-01  0.54783E-01  0.54607E+01  0.80090E+02
  322    1.5217  9.5689 -0.41415E+00 -0.31424E-01  0.54481E-01  0.54516E+01  0.80203E+02
  323    1.5290  9.5863 -0.41650E+00 -0.31728E-01  0.54177E-01  0.54425E+01  0.80317E+02
  324    1.5363  9.6037 -0.41885E+00 -0.32033E-01  0.53872E-01  0.54335E+01  0.80429E+02
  325    1.5436  9.6210 -0.42121E+00 -0.32341E-01  0.53565E-01  0.54245E+01  0.80540E+02
  326    1.5509  9.6382 -0.42358E+00 -0.32649E-01  0.53256E-01  0.54156E+01  0.80643E+02
  327    1.5583  9.6554 -0.42595E+00 -0.32960E-01  0.52945E-01  0.54067E+01  0.80750E+02
  328    1.5657  9.6725 -0.42833E+00 -0.33272E-01  0.52634E-01  0.53978E+01  0.80853E+02
  329    1.5731  9.6895 -0.43072E+00 -0.33585E-01  0.52320E-01  0.53890E+01  0.80953E+02
  330    1.5805  9.7065 -0.43312E+00 -0.33900E-01  0.52005E-01  0.53802E+01  0.81054E+02
  331    1.5880  9.7234 -0.43552E+00 -0.34217E-01  0.51688E-01  0.53714E+01  0.81151E+02
  332    1.5954  9.7403 -0.43793E+00 -0.34535E-01  0.51370E-01  0.53627E+01  0.81248E+02
  333    1.6029  9.7571 -0.44034E+00 -0.34855E-01  0.51050E-01  0.53540E+01  0.81345E+02
  334    1.6104  9.7738 -0.44277E+00 -0.35177E-01  0.50728E-01  0.53453E+01  0.81439E+02
  335    1.6179  9.7904 -0.44520E+00 -0.35500E-01  0.50405E-01  0.53367E+01  0.81531E+02
  336    1.6255  9.8070 -0.44763E+00 -0.35825E-01  0.50080E-01  0.53281E+01  0.81622E+02
  337    1.6331  9.8235 -0.45008E+00 -0.36151E-01  0.49754E-01  0.53196E+01  0.81713E+02
  338    1.6407  9.8400 -0.45253E+00 -0.36479E-01  0.49426E-01  0.53111E+01  0.81802E+02
  339    1.6483  9.8564 -0.45498E+00 -0.36809E-01  0.49096E-01  0.53026E+01  0.81890E+02
  340    1.6559  9.8727 -0.45745E+00 -0.37140E-01  0.48765E-01  0.52942E+01  0.81975E+02
  341    1.6636  9.8890 -0.45992E+00 -0.37473E-01  0.48432E-01  0.52858E+01  0.82061E+02
  342    1.6713  9.9052 -0.46240E+00 -0.37807E-01  0.48098E-01  0.52774E+01  0.82143E+02
  343    1.6790  9.9214 -0.46488E+00 -0.38144E-01  0.47761E-01  0.52691E+01  0.82223E+02
  344    1.6867  9.9375 -0.46738E+00 -0.38482E-01  0.47424E-01  0.52608E+01  0.82306E+02
  345    1.6945  9.9535 -0.46988E+00 -0.38821E-01  0.47084E-01  0.52526E+01  0.82382E+02
  346    1.7022  9.9694 -0.47238E+00 -0.39162E-01  0.46743E-01  0.52444E+01  0.82462E+02
  347    1.7100  9.9853 -0.47490E+00 -0.39505E-01  0.46400E-01  0.52362E+01  0.82535E+02
  348    1.7179 10.0012 -0.47742E+00 -0.39850E-01  0.46055E-01  0.52280E+01  0.82609E+02
  349    1.7257 10.0170 -0.47995E+00 -0.40196E-01  0.45709E-01  0.52199E+01  0.82681E+02
  350    1.7336 10.0327 -0.48248E+00 -0.40543E-01  0.45362E-01  0.52119E+01  0.82751E+02
  351    1.7415 10.0483 -0.48502E+00 -0.40893E-01  0.45012E-01  0.52039E+01  0.82818E+02
  352    1.7494 10.0639 -0.48757E+00 -0.41244E-01  0.44661E-01  0.51959E+01  0.82890E+02
  353    1.7573 10.0795 -0.49013E+00 -0.41597E-01  0.44308E-01  0.51879E+01  0.82955E+02
  354    1.7653 10.0949 -0.49269E+00 -0.41952E-01  0.43953E-01  0.51800E+01  0.83017E+02
  355    1.7732 10.1103 -0.49526E+00 -0.42309E-01  0.43596E-01  0.51721E+01  0.83078E+02
  356    1.7812 10.1257 -0.49784E+00 -0.42667E-01  0.43238E-01  0.51643E+01  0.83145E+02
  357    1.7893 10.1410 -0.50043E+00 -0.43027E-01  0.42878E-01  0.51565E+01  0.83200E+02
  358    1.7973 10.1562 -0.50302E+00 -0.43389E-01  0.42516E-01  0.51487E+01  0.83257E+02
  359    1.8054 10.1714 -0.50562E+00 -0.43752E-01  0.42153E-01  0.51409E+01  0.83315E+02
  360    1.8135 10.1865 -0.50822E+00 -0.44117E-01  0.41788E-01  0.51332E+01  0.83371E+02
  361    1.8216 10.2015 -0.51083E+00 -0.44483E-01  0.41422E-01  0.51256E+01  0.83423E+02
  362    1.8297 10.2165 -0.51346E+00 -0.44852E-01  0.41053E-01  0.51179E+01  0.83476E+02
  363    1.8379 10.2315 -0.51608E+00 -0.45222E-01  0.40683E-01  0.51103E+01  0.83524E+02
  364    1.8461 10.2463 -0.51872E+00 -0.45594E-01  0.40311E-01  0.51028E+01  0.83574E+02
  365    1.8543 10.2612 -0.52136E+00 -0.45968E-01  0.39937E-01  0.50952E+01  0.83621E+02
  366    1.8625 10.2759 -0.52401E+00 -0.46343E-01  0.39562E-01  0.50877E+01  0.83667E+02
  367    1.8708 10.2906 -0.52667E+00 -0.46721E-01  0.39184E-01  0.50803E+01  0.83712E+02
  368    1.8791 10.3053 -0.52933E+00 -0.47100E-01  0.38805E-01  0.50729E+01  0.83750E+02
  369    1.8874 10.3198 -0.53200E+00 -0.47480E-01  0.38425E-01  0.50655E+01  0.83793E+02
  370    1.8957 10.3344 -0.53468E+00 -0.47863E-01  0.38042E-01  0.50582E+01  0.83830E+02
  371    1.9041 10.3488 -0.53736E+00 -0.48247E-01  0.37658E-01  0.50509E+01  0.83865E+02
  372    1.9124 10.3633 -0.54006E+00 -0.48632E-01  0.37273E-01  0.50436E+01  0.83906E+02
  373    1.9208 10.3776 -0.54276E+00 -0.49020E-01  0.36885E-01  0.50364E+01  0.83935E+02
  374    1.9293 10.3919 -0.54546E+00 -0.49409E-01  0.36496E-01  0.50292E+01  0.83970E+02
  375    1.9377 10.4062 -0.54817E+00 -0.49800E-01  0.36105E-01  0.50220E+01  0.83999E+02
  376    1.9462 10.4203 -0.55090E+00 -0.50193E-01  0.35712E-01  0.50149E+01  0.84030E+02
  377    1.9547 10.4345 -0.55362E+00 -0.50588E-01  0.35317E-01  0.50078E+01  0.84054E+02
  378    1.9632 10.4485 -0.55636E+00 -0.50984E-01  0.34921E-01  0.50007E+01  0.84082E+02
  379    1.9718 10.4626 -0.55910E+00 -0.51382E-01  0.34523E-01  0.49937E+01  0.84106E+02
  380    1.9804 10.4765 -0.56185E+00 -0.51782E-01  0.34123E-01  0.49867E+01  0.84132E+02
  381    1.9890 10.4904 -0.56461E+00 -0.52183E-01  0.33722E-01  0.49798E+01  0.84149E+02
  382    1.9976 10.5043 -0.56737E+00 -0.52587E-01  0.33319E-01  0.49728E+01  0.84170E+02
  383    2.0062 10.5181 -0.57014E+00 -0.52991E-01  0.32914E-01  0.49660E+01  0.84187E+02
  384    2.0149 10.5318 -0.57292E+00 -0.53398E-01  0.32507E-01  0.49591E+01  0.84206E+02
  385    2.0236 10.5455 -0.57570E+00 -0.53806E-01  0.32099E-01  0.49523E+01  0.84221E+02
  386    2.0323 10.5591 -0.57849E+00 -0.54217E-01  0.31688E-01  0.49455E+01  0.84232E+02
  387    2.0411 10.5727 -0.58129E+00 -0.54629E-01  0.31276E-01  0.49387E+01  0.84243E+02
  388    2.0498 10.5862 -0.58410E+00 -0.55043E-01  0.30862E-01  0.49320E+01  0.84253E+02
  389    2.0586 10.5997 -0.58691E+00 -0.55458E-01  0.30447E-01  0.49254E+01  0.84259E+02
  390    2.0675 10.6131 -0.58973E+00 -0.55875E-01  0.30030E-01  0.49187E+01  0.84268E+02
  391    2.0763 10.6265 -0.59256E+00 -0.56295E-01  0.29610E-01  0.49121E+01  0.84269E+02
  392    2.0852 10.6398 -0.59539E+00 -0.56716E-01  0.29189E-01  0.49056E+01  0.84271E+02
  393    2.0941 10.6530 -0.59823E+00 -0.57138E-01  0.28767E-01  0.48990E+01  0.84272E+02
  394    2.1030 10.6662 -0.60108E+00 -0.57563E-01  0.28342E-01  0.48925E+01  0.84272E+02
  395    2.1120 10.6794 -0.60394E+00 -0.57989E-01  0.27916E-01  0.48861E+01  0.84268E+02
  396    2.1210 10.6925 -0.60680E+00 -0.58417E-01  0.27488E-01  0.48796E+01  0.84266E+02
  397    2.1300 10.7055 -0.60967E+00 -0.58847E-01  0.27058E-01  0.48732E+01  0.84262E+02
  398    2.1390 10.7185 -0.61255E+00 -0.59279E-01  0.26627E-01  0.48669E+01  0.84256E+02
  399    2.1480 10.7314 -0.61543E+00 -0.59712E-01  0.26193E-01  0.48605E+01  0.84250E+02
  400    2.1571 10.7443 -0.61833E+00 -0.60148E-01  0.25757E-01  0.48542E+01  0.84237E+02
  401    2.1662 10.7572 -0.62123E+00 -0.60585E-01  0.25320E-01  0.48480E+01  0.84223E+02
  402    2.1754 10.7699 -0.62413E+00 -0.61024E-01  0.24881E-01  0.48417E+01  0.84209E+02
  403    2.1845 10.7827 -0.62705E+00 -0.61466E-01  0.24439E-01  0.48355E+01  0.84196E+02
  404    2.1937 10.7953 -0.62997E+00 -0.61909E-01  0.23996E-01  0.48294E+01  0.84177E+02
  405    2.2029 10.8080 -0.63290E+00 -0.62353E-01  0.23552E-01  0.48232E+01  0.84157E+02
  406    2.2122 10.8205 -0.63583E+00 -0.62800E-01  0.23105E-01  0.48172E+01  0.84141E+02
  407    2.2215 10.8331 -0.63878E+00 -0.63249E-01  0.22657E-01  0.48111E+01  0.84118E+02
  408    2.2307 10.8455 -0.64173E+00 -0.63699E-01  0.22206E-01  0.48051E+01  0.84094E+02
  409    2.2401 10.8580 -0.64469E+00 -0.64151E-01  0.21754E-01  0.47991E+01  0.84069E+02
  410    2.2494 10.8703 -0.64765E+00 -0.64606E-01  0.21300E-01  0.47931E+01  0.84043E+02
  411    2.2588 10.8827 -0.65063E+00 -0.65061E-01  0.20844E-01  0.47872E+01  0.84015E+02
  412    2.2682 10.8949 -0.65361E+00 -0.65519E-01  0.20386E-01  0.47813E+01  0.83983E+02
  413    2.2776 10.9072 -0.65659E+00 -0.65978E-01  0.19927E-01  0.47754E+01  0.83955E+02
  414    2.2871 10.9193 -0.65959E+00 -0.66440E-01  0.19465E-01  0.47696E+01  0.83919E+02
  415    2.2966 10.9315 -0.66259E+00 -0.66903E-01  0.19002E-01  0.47638E+01  0.83888E+02
  416    2.3061 10.9435 -0.66560E+00 -0.67368E-01  0.18537E-01  0.47581E+01  0.83850E+02
  417    2.3156 10.9556 -0.66861E+00 -0.67835E-01  0.18070E-01  0.47524E+01  0.83817E+02
  418    2.3252 10.9675 -0.67164E+00 -0.68304E-01  0.17601E-01  0.47467E+01  0.83776E+02
  419    2.3348 10.9795 -0.67467E+00 -0.68775E-01  0.17130E-01  0.47410E+01  0.83737E+02
  420    2.3444 10.9913 -0.67771E+00 -0.69247E-01  0.16658E-01  0.47354E+01  0.83692E+02
  421    2.3540 11.0032 -0.68075E+00 -0.69722E-01  0.16183E-01  0.47298E+01  0.83648E+02
  422    2.3637 11.0150 -0.68380E+00 -0.70198E-01  0.15707E-01  0.47242E+01  0.83601E+02
  423    2.3734 11.0267 -0.68686E+00 -0.70677E-01  0.15229E-01  0.47187E+01  0.83550E+02
  424    2.3832 11.0384 -0.68993E+00 -0.71157E-01  0.14748E-01  0.47132E+01  0.83505E+02
  425    2.3929 11.0500 -0.69300E+00 -0.71639E-01  0.14266E-01  0.47077E+01  0.83455E+02
  426    2.4027 11.0616 -0.69609E+00 -0.72123E-01  0.13783E-01  0.47023E+01  0.83402E+02
  427    2.4125 11.0732 -0.69918E+00 -0.72609E-01  0.13297E-01  0.46969E+01  0.83349E+02
  428    2.4224 11.0847 -0.70227E+00 -0.73096E-01  0.12809E-01  0.46915E+01  0.83291E+02
  429    2.4323 11.0961 -0.70538E+00 -0.73586E-01  0.12319E-01  0.46862E+01  0.83236E+02
  430    2.4422 11.1075 -0.70849E+00 -0.74077E-01  0.11828E-01  0.46809E+01  0.83178E+02
  431    2.4521 11.1189 -0.71160E+00 -0.74571E-01  0.11334E-01  0.46757E+01  0.83117E+02
  432    2.4620 11.1302 -0.71473E+00 -0.75066E-01  0.10839E-01  0.46704E+01  0.83057E+02
  433    2.4720 11.1414 -0.71786E+00 -0.75563E-01  0.10342E-01  0.46652E+01  0.82993E+02
  434    2.4821 11.1527 -0.72100E+00 -0.76062E-01  0.98433E-02  0.46600E+01  0.82930E+02
  435    2.4921 11.1638 -0.72415E+00 -0.76563E-01  0.93419E-02  0.46549E+01  0.82865E+02
  436    2.5022 11.1750 -0.72730E+00 -0.77066E-01  0.88386E-02  0.46498E+01  0.82798E+02
  437    2.5123 11.1860 -0.73047E+00 -0.77572E-01  0.83333E-02  0.46447E+01  0.82732E+02
  438    2.5224 11.1971 -0.73364E+00 -0.78079E-01  0.78261E-02  0.46397E+01  0.82662E+02
  439    2.5326 11.2081 -0.73682E+00 -0.78588E-01  0.73170E-02  0.46347E+01  0.82589E+02
  440    2.5428 11.2190 -0.74000E+00 -0.79099E-01  0.68059E-02  0.46297E+01  0.82517E+02
  441    2.5530 11.2299 -0.74319E+00 -0.79612E-01  0.62932E-02  0.46247E+01  0.82440E+02
  442    2.5632 11.2408 -0.74639E+00 -0.80126E-01  0.57787E-02  0.46198E+01  0.82363E+02
  443    2.5735 11.2516 -0.74960E+00 -0.80643E-01  0.52622E-02  0.46149E+01  0.82285E+02
  444    2.5838 11.2624 -0.75281E+00 -0.81161E-01  0.47436E-02  0.46101E+01  0.82200E+02
  445    2.5942 11.2731 -0.75603E+00 -0.81682E-01  0.42229E-02  0.46052E+01  0.82119E+02
  446    2.6045 11.2838 -0.75926E+00 -0.82205E-01  0.37001E-02  0.46005E+01  0.82038E+02
  447    2.6149 11.2944 -0.76250E+00 -0.82730E-01  0.31754E-02  0.45957E+01  0.81954E+02
  448    2.6254 11.3050 -0.76574E+00 -0.83256E-01  0.26490E-02  0.45910E+01  0.81866E+02
  449    2.6358 11.3155 -0.76899E+00 -0.83785E-01  0.21205E-02  0.45863E+01  0.81782E+02
  450    2.6463 11.3260 -0.77225E+00 -0.84315E-01  0.15899E-02  0.45816E+01  0.81690E+02
  451    2.6568 11.3365 -0.77552E+00 -0.84848E-01  0.10569E-02  0.45770E+01  0.81604E+02
  452    2.6674 11.3469 -0.77880E+00 -0.85383E-01  0.52177E-03  0.45723E+01  0.81512E+02
  453    2.6780 11.3573 -0.78208E+00 -0.85920E-01 -0.15363E-04  0.45678E+01  0.81416E+02
  454    2.6886 11.3676 -0.78537E+00 -0.86459E-01 -0.55436E-03  0.45632E+01  0.81323E+02
  455    2.6992 11.3779 -0.78866E+00 -0.87000E-01 -0.10947E-02  0.45587E+01  0.81227E+02
  456    2.7099 11.3881 -0.79197E+00 -0.87542E-01 -0.16372E-02  0.45542E+01  0.81128E+02
  457    2.7206 11.3983 -0.79528E+00 -0.88087E-01 -0.21818E-02  0.45497E+01  0.81027E+02
  458    2.7313 11.4085 -0.79860E+00 -0.88634E-01 -0.27294E-02  0.45453E+01  0.80932E+02
  459    2.7421 11.4186 -0.80193E+00 -0.89185E-01 -0.32797E-02  0.45409E+01  0.80824E+02
  460    2.7529 11.4287 -0.80527E+00 -0.89737E-01 -0.38318E-02  0.45365E+01  0.80721E+02
  461    2.7637 11.4387 -0.80861E+00 -0.90291E-01 -0.43856E-02  0.45322E+01  0.80616E+02
  462    2.7746 11.4487 -0.81196E+00 -0.90845E-01 -0.49402E-02  0.45279E+01  0.80507E+02
  463    2.7855 11.4587 -0.81531E+00 -0.91401E-01 -0.54963E-02  0.45236E+01  0.80402E+02
  464    2.7964 11.4686 -0.81867E+00 -0.91959E-01 -0.60539E-02  0.45193E+01  0.80295E+02
  465    2.8074 11.4785 -0.82204E+00 -0.92519E-01 -0.66141E-02  0.45151E+01  0.80186E+02
  466    2.8183 11.4883 -0.82542E+00 -0.93082E-01 -0.71766E-02  0.45109E+01  0.80076E+02
  467    2.8294 11.4981 -0.82881E+00 -0.93647E-01 -0.77417E-02  0.45068E+01  0.79961E+02
  468    2.8404 11.5078 -0.83220E+00 -0.94214E-01 -0.83090E-02  0.45026E+01  0.79846E+02
  469    2.8515 11.5175 -0.83560E+00 -0.94783E-01 -0.88782E-02  0.44985E+01  0.79730E+02
  470    2.8626 11.5272 -0.83901E+00 -0.95355E-01 -0.94497E-02  0.44944E+01  0.79609E+02
  471    2.8737 11.5368 -0.84243E+00 -0.95928E-01 -0.10023E-01  0.44904E+01  0.79487E+02
  472    2.8849 11.5464 -0.84585E+00 -0.96503E-01 -0.10598E-01  0.44863E+01  0.79371E+02
  473    2.8961 11.5560 -0.84928E+00 -0.97080E-01 -0.11175E-01  0.44823E+01  0.79250E+02
  474    2.9074 11.5655 -0.85272E+00 -0.97660E-01 -0.11755E-01  0.44784E+01  0.79124E+02
  475    2.9187 11.5749 -0.85616E+00 -0.98241E-01 -0.12336E-01  0.44744E+01  0.79004E+02
  476    2.9300 11.5844 -0.85962E+00 -0.98825E-01 -0.12920E-01  0.44705E+01  0.78877E+02
  477    2.9413 11.5938 -0.86308E+00 -0.99411E-01 -0.13506E-01  0.44666E+01  0.78746E+02
  478    2.9527 11.6031 -0.86655E+00 -0.99999E-01 -0.14094E-01  0.44628E+01  0.78618E+02
  479    2.9641 11.6124 -0.87003E+00 -0.10059E+00 -0.14684E-01  0.44589E+01  0.78488E+02
  480    2.9755 11.6217 -0.87351E+00 -0.10118E+00 -0.15276E-01  0.44552E+01  0.78356E+02
  481    2.9870 11.6309 -0.87700E+00 -0.10177E+00 -0.15870E-01  0.44514E+01  0.78226E+02
  482    2.9985 11.6401 -0.88050E+00 -0.10237E+00 -0.16466E-01  0.44476E+01  0.78094E+02
  483    3.0100 11.6493 -0.88401E+00 -0.10297E+00 -0.17064E-01  0.44439E+01  0.77961E+02
  484    3.0216 11.6584 -0.88753E+00 -0.10357E+00 -0.17665E-01  0.44402E+01  0.77826E+02
  485    3.0332 11.6675 -0.89105E+00 -0.10417E+00 -0.18268E-01  0.44365E+01  0.77688E+02
  486    3.0448 11.6765 -0.89458E+00 -0.10478E+00 -0.18873E-01  0.44329E+01  0.77550E+02
  487    3.0565 11.6855 -0.89812E+00 -0.10538E+00 -0.19479E-01  0.44293E+01  0.77412E+02
  488    3.0682 11.6945 -0.90166E+00 -0.10599E+00 -0.20088E-01  0.44257E+01  0.77272E+02
  489    3.0799 11.7034 -0.90521E+00 -0.10660E+00 -0.20700E-01  0.44221E+01  0.77128E+02
  490    3.0917 11.7123 -0.90877E+00 -0.10722E+00 -0.21313E-01  0.44186E+01  0.76984E+02
  491    3.1035 11.7212 -0.91234E+00 -0.10783E+00 -0.21928E-01  0.44151E+01  0.76842E+02
  492    3.1154 11.7300 -0.91592E+00 -0.10845E+00 -0.22546E-01  0.44116E+01  0.76695E+02
  493    3.1272 11.7388 -0.91950E+00 -0.10907E+00 -0.23166E-01  0.44081E+01  0.76550E+02
  494    3.1391 11.7475 -0.92309E+00 -0.10969E+00 -0.23788E-01  0.44047E+01  0.76400E+02
  495    3.1511 11.7562 -0.92669E+00 -0.11032E+00 -0.24413E-01  0.44013E+01  0.76252E+02
  496    3.1631 11.7649 -0.93030E+00 -0.11094E+00 -0.25039E-01  0.43979E+01  0.76102E+02
  497    3.1751 11.7735 -0.93392E+00 -0.11157E+00 -0.25668E-01  0.43946E+01  0.75950E+02
  498    3.1871 11.7821 -0.93754E+00 -0.11220E+00 -0.26299E-01  0.43913E+01  0.75800E+02
  499    3.1992 11.7907 -0.94117E+00 -0.11284E+00 -0.26932E-01  0.43880E+01  0.75646E+02
  500    3.2113 11.7992 -0.94481E+00 -0.11347E+00 -0.27567E-01  0.43847E+01  0.75491E+02
  501    3.2235 11.8077 -0.94845E+00 -0.11411E+00 -0.28204E-01  0.43814E+01  0.75339E+02
  502    3.2357 11.8162 -0.95211E+00 -0.11475E+00 -0.28844E-01  0.43782E+01  0.75178E+02
  503    3.2479 11.8246 -0.95577E+00 -0.11539E+00 -0.29485E-01  0.43750E+01  0.75018E+02
  504    3.2601 11.8330 -0.95944E+00 -0.11603E+00 -0.30129E-01  0.43718E+01  0.74857E+02
  505    3.2724 11.8413 -0.96311E+00 -0.11668E+00 -0.30776E-01  0.43687E+01  0.74698E+02
  506    3.2847 11.8497 -0.96680E+00 -0.11733E+00 -0.31424E-01  0.43655E+01  0.74536E+02
  507    3.2971 11.8579 -0.97049E+00 -0.11798E+00 -0.32075E-01  0.43624E+01  0.74374E+02
  508    3.3095 11.8662 -0.97419E+00 -0.11863E+00 -0.32728E-01  0.43593E+01  0.74204E+02
  509    3.3219 11.8744 -0.97790E+00 -0.11929E+00 -0.33382E-01  0.43563E+01  0.74041E+02
  510    3.3344 11.8826 -0.98161E+00 -0.11994E+00 -0.34040E-01  0.43532E+01  0.73875E+02
  511    3.3469 11.8907 -0.98534E+00 -0.12060E+00 -0.34699E-01  0.43502E+01  0.73708E+02
  512    3.3595 11.8988 -0.98907E+00 -0.12127E+00 -0.35362E-01  0.43473E+01  0.73538E+02
  513    3.3720 11.9069 -0.99281E+00 -0.12193E+00 -0.36026E-01  0.43443E+01  0.73367E+02
  514    3.3847 11.9149 -0.99656E+00 -0.12260E+00 -0.36693E-01  0.43414E+01  0.73195E+02
  515    3.3973 11.9229 -0.10003E+01 -0.12327E+00 -0.37361E-01  0.43384E+01  0.73022E+02
  516    3.4100 11.9309 -0.10041E+01 -0.12394E+00 -0.38033E-01  0.43355E+01  0.72851E+02
  517    3.4227 11.9389 -0.10078E+01 -0.12461E+00 -0.38706E-01  0.43327E+01  0.72674E+02
  518    3.4355 11.9468 -0.10116E+01 -0.12529E+00 -0.39382E-01  0.43298E+01  0.72499E+02
  519    3.4483 11.9546 -0.10154E+01 -0.12597E+00 -0.40060E-01  0.43270E+01  0.72325E+02
  520    3.4611 11.9625 -0.10192E+01 -0.12665E+00 -0.40741E-01  0.43242E+01  0.72148E+02
  521    3.4740 11.9703 -0.10230E+01 -0.12733E+00 -0.41423E-01  0.43214E+01  0.71966E+02
  522    3.4869 11.9781 -0.10268E+01 -0.12801E+00 -0.42107E-01  0.43187E+01  0.71790E+02
  523    3.4998 11.9858 -0.10306E+01 -0.12870E+00 -0.42793E-01  0.43159E+01  0.71610E+02
  524    3.5128 11.9935 -0.10345E+01 -0.12939E+00 -0.43482E-01  0.43132E+01  0.71428E+02
  525    3.5258 12.0012 -0.10383E+01 -0.13008E+00 -0.44173E-01  0.43105E+01  0.71246E+02
  526    3.5389 12.0088 -0.10421E+01 -0.13077E+00 -0.44867E-01  0.43078E+01  0.71067E+02
  527    3.5520 12.0164 -0.10460E+01 -0.13147E+00 -0.45562E-01  0.43052E+01  0.70885E+02
  528    3.5651 12.0240 -0.10498E+01 -0.13217E+00 -0.46260E-01  0.43026E+01  0.70703E+02
  529    3.5783 12.0316 -0.10537E+01 -0.13287E+00 -0.46961E-01  0.42999E+01  0.70516E+02
  530    3.5915 12.0391 -0.10576E+01 -0.13357E+00 -0.47664E-01  0.42974E+01  0.70327E+02
  531    3.6048 12.0466 -0.10615E+01 -0.13427E+00 -0.48370E-01  0.42948E+01  0.70140E+02
  532    3.6180 12.0540 -0.10653E+01 -0.13498E+00 -0.49077E-01  0.42922E+01  0.69953E+02
  533    3.6314 12.0614 -0.10692E+01 -0.13569E+00 -0.49787E-01  0.42897E+01  0.69763E+02
  534    3.6447 12.0688 -0.10731E+01 -0.13640E+00 -0.50498E-01  0.42872E+01  0.69575E+02
  535    3.6581 12.0762 -0.10771E+01 -0.13712E+00 -0.51213E-01  0.42847E+01  0.69384E+02
  536    3.6716 12.0835 -0.10810E+01 -0.13783E+00 -0.51930E-01  0.42823E+01  0.69193E+02
  537    3.6850 12.0908 -0.10849E+01 -0.13855E+00 -0.52649E-01  0.42798E+01  0.68998E+02
  538    3.6986 12.0981 -0.10888E+01 -0.13928E+00 -0.53371E-01  0.42774E+01  0.68809E+02
  539    3.7121 12.1053 -0.10928E+01 -0.14000E+00 -0.54095E-01  0.42750E+01  0.68615E+02
  540    3.7257 12.1125 -0.10967E+01 -0.14073E+00 -0.54821E-01  0.42726E+01  0.68420E+02
  541    3.7394 12.1197 -0.11007E+01 -0.14145E+00 -0.55549E-01  0.42703E+01  0.68226E+02
  542    3.7530 12.1268 -0.11047E+01 -0.14219E+00 -0.56281E-01  0.42679E+01  0.68031E+02
  543    3.7667 12.1339 -0.11086E+01 -0.14292E+00 -0.57015E-01  0.42656E+01  0.67830E+02
  544    3.7805 12.1410 -0.11126E+01 -0.14366E+00 -0.57752E-01  0.42633E+01  0.67636E+02
  545    3.7943 12.1481 -0.11166E+01 -0.14440E+00 -0.58491E-01  0.42610E+01  0.67438E+02
  546    3.8081 12.1551 -0.11206E+01 -0.14514E+00 -0.59233E-01  0.42588E+01  0.67236E+02
  547    3.8220 12.1621 -0.11246E+01 -0.14588E+00 -0.59976E-01  0.42565E+01  0.67037E+02
  548    3.8359 12.1691 -0.11286E+01 -0.14663E+00 -0.60721E-01  0.42543E+01  0.66835E+02
  549    3.8499 12.1760 -0.11327E+01 -0.14737E+00 -0.61469E-01  0.42521E+01  0.66635E+02
  550    3.8639 12.1829 -0.11367E+01 -0.14813E+00 -0.62220E-01  0.42499E+01  0.66432E+02
  551    3.8779 12.1898 -0.11407E+01 -0.14888E+00 -0.62974E-01  0.42477E+01  0.66224E+02
  552    3.8920 12.1966 -0.11448E+01 -0.14963E+00 -0.63730E-01  0.42456E+01  0.66021E+02
  553    3.9061 12.2035 -0.11489E+01 -0.15039E+00 -0.64488E-01  0.42434E+01  0.65817E+02
  554    3.9202 12.2102 -0.11529E+01 -0.15115E+00 -0.65248E-01  0.42413E+01  0.65612E+02
  555    3.9344 12.2170 -0.11570E+01 -0.15192E+00 -0.66010E-01  0.42392E+01  0.65404E+02
  556    3.9487 12.2237 -0.11611E+01 -0.15268E+00 -0.66775E-01  0.42372E+01  0.65199E+02
  557    3.9629 12.2304 -0.11652E+01 -0.15345E+00 -0.67543E-01  0.42351E+01  0.64988E+02
  558    3.9773 12.2371 -0.11693E+01 -0.15422E+00 -0.68313E-01  0.42330E+01  0.64784E+02
  559    3.9916 12.2438 -0.11734E+01 -0.15499E+00 -0.69086E-01  0.42310E+01  0.64570E+02
  560    4.0060 12.2504 -0.11775E+01 -0.15577E+00 -0.69861E-01  0.42290E+01  0.64358E+02
  561    4.0205 12.2570 -0.11816E+01 -0.15654E+00 -0.70638E-01  0.42270E+01  0.64149E+02
  562    4.0350 12.2635 -0.11857E+01 -0.15732E+00 -0.71418E-01  0.42250E+01  0.63937E+02
  563    4.0495 12.2701 -0.11899E+01 -0.15811E+00 -0.72200E-01  0.42231E+01  0.63729E+02
  564    4.0640 12.2766 -0.11940E+01 -0.15889E+00 -0.72984E-01  0.42211E+01  0.63516E+02
  565    4.0787 12.2831 -0.11982E+01 -0.15968E+00 -0.73771E-01  0.42192E+01  0.63308E+02
  566    4.0933 12.2895 -0.12023E+01 -0.16047E+00 -0.74561E-01  0.42173E+01  0.63092E+02
  567    4.1080 12.2959 -0.12065E+01 -0.16126E+00 -0.75353E-01  0.42154E+01  0.62877E+02
  568    4.1227 12.3023 -0.12107E+01 -0.16205E+00 -0.76147E-01  0.42135E+01  0.62660E+02
  569    4.1375 12.3087 -0.12149E+01 -0.16285E+00 -0.76944E-01  0.42117E+01  0.62446E+02
  570    4.1524 12.3150 -0.12191E+01 -0.16365E+00 -0.77744E-01  0.42098E+01  0.62234E+02
  571    4.1672 12.3214 -0.12233E+01 -0.16445E+00 -0.78546E-01  0.42080E+01  0.62022E+02
  572    4.1821 12.3276 -0.12275E+01 -0.16525E+00 -0.79350E-01  0.42062E+01  0.61806E+02
  573    4.1971 12.3339 -0.12317E+01 -0.16606E+00 -0.80157E-01  0.42044E+01  0.61590E+02
  574    4.2121 12.3401 -0.12359E+01 -0.16687E+00 -0.80966E-01  0.42026E+01  0.61374E+02
  575    4.2271 12.3464 -0.12402E+01 -0.16768E+00 -0.81779E-01  0.42008E+01  0.61157E+02
  576    4.2422 12.3525 -0.12444E+01 -0.16850E+00 -0.82594E-01  0.41991E+01  0.60936E+02
  577    4.2573 12.3587 -0.12487E+01 -0.16932E+00 -0.83411E-01  0.41974E+01  0.60719E+02
  578    4.2725 12.3648 -0.12529E+01 -0.17013E+00 -0.84230E-01  0.41956E+01  0.60504E+02
  579    4.2877 12.3709 -0.12572E+01 -0.17096E+00 -0.85052E-01  0.41939E+01  0.60286E+02
  580    4.3030 12.3770 -0.12615E+01 -0.17178E+00 -0.85878E-01  0.41922E+01  0.60069E+02
  581    4.3183 12.3831 -0.12658E+01 -0.17261E+00 -0.86707E-01  0.41906E+01  0.59850E+02
  582    4.3336 12.3891 -0.12701E+01 -0.17344E+00 -0.87538E-01  0.41889E+01  0.59628E+02
  583    4.3490 12.3951 -0.12744E+01 -0.17427E+00 -0.88369E-01  0.41873E+01  0.59409E+02
  584    4.3644 12.4011 -0.12787E+01 -0.17511E+00 -0.89204E-01  0.41856E+01  0.59191E+02
  585    4.3799 12.4070 -0.12830E+01 -0.17595E+00 -0.90042E-01  0.41840E+01  0.58967E+02
  586    4.3954 12.4130 -0.12873E+01 -0.17679E+00 -0.90883E-01  0.41824E+01  0.58744E+02
  587    4.4110 12.4189 -0.12917E+01 -0.17763E+00 -0.91727E-01  0.41808E+01  0.58525E+02
  588    4.4266 12.4247 -0.12960E+01 -0.17848E+00 -0.92573E-01  0.41793E+01  0.58298E+02
  589    4.4423 12.4306 -0.13004E+01 -0.17933E+00 -0.93422E-01  0.41777E+01  0.58077E+02
  590    4.4580 12.4364 -0.13047E+01 -0.18018E+00 -0.94274E-01  0.41762E+01  0.57854E+02
  591    4.4737 12.4422 -0.13091E+01 -0.18103E+00 -0.95127E-01  0.41746E+01  0.57633E+02
  592    4.4895 12.4480 -0.13135E+01 -0.18189E+00 -0.95983E-01  0.41731E+01  0.57410E+02
  593    4.5053 12.4537 -0.13179E+01 -0.18275E+00 -0.96842E-01  0.41716E+01  0.57185E+02
  594    4.5212 12.4595 -0.13223E+01 -0.18361E+00 -0.97704E-01  0.41701E+01  0.56961E+02
  595    4.5372 12.4652 -0.13267E+01 -0.18447E+00 -0.98569E-01  0.41686E+01  0.56732E+02
  596    4.5531 12.4708 -0.13311E+01 -0.18534E+00 -0.99436E-01  0.41672E+01  0.56508E+02
  597    4.5692 12.4765 -0.13355E+01 -0.18621E+00 -0.10031E+00  0.41657E+01  0.56280E+02
  598    4.5852 12.4821 -0.13399E+01 -0.18708E+00 -0.10118E+00  0.41643E+01  0.56056E+02
  599    4.6013 12.4877 -0.13444E+01 -0.18796E+00 -0.10205E+00  0.41629E+01  0.55827E+02
  600    4.6175 12.4933 -0.13488E+01 -0.18884E+00 -0.10293E+00  0.41615E+01  0.55601E+02
  601    4.6337 12.4989 -0.13533E+01 -0.18972E+00 -0.10381E+00  0.41601E+01  0.55376E+02
  602    4.6500 12.5044 -0.13577E+01 -0.19060E+00 -0.10469E+00  0.41587E+01  0.55147E+02
  603    4.6663 12.5099 -0.13622E+01 -0.19148E+00 -0.10558E+00  0.41573E+01  0.54919E+02
  604    4.6826 12.5154 -0.13667E+01 -0.19237E+00 -0.10647E+00  0.41559E+01  0.54694E+02
  605    4.6990 12.5209 -0.13712E+01 -0.19326E+00 -0.10736E+00  0.41546E+01  0.54467E+02
  606    4.7155 12.5263 -0.13757E+01 -0.19416E+00 -0.10825E+00  0.41532E+01  0.54244E+02
  607    4.7319 12.5317 -0.13802E+01 -0.19505E+00 -0.10915E+00  0.41519E+01  0.54015E+02
  608    4.7485 12.5371 -0.13847E+01 -0.19595E+00 -0.11004E+00  0.41506E+01  0.53788E+02
  609    4.7651 12.5425 -0.13892E+01 -0.19685E+00 -0.11095E+00  0.41493E+01  0.53557E+02
  610    4.7817 12.5478 -0.13938E+01 -0.19775E+00 -0.11185E+00  0.41480E+01  0.53327E+02
  611    4.7984 12.5532 -0.13983E+01 -0.19866E+00 -0.11276E+00  0.41467E+01  0.53096E+02
  612    4.8151 12.5585 -0.14029E+01 -0.19957E+00 -0.11367E+00  0.41455E+01  0.52870E+02
  613    4.8319 12.5638 -0.14074E+01 -0.20048E+00 -0.11458E+00  0.41442E+01  0.52642E+02
  614    4.8487 12.5690 -0.14120E+01 -0.20140E+00 -0.11549E+00  0.41429E+01  0.52413E+02
  615    4.8656 12.5743 -0.14166E+01 -0.20231E+00 -0.11641E+00  0.41417E+01  0.52186E+02
  616    4.8825 12.5795 -0.14211E+01 -0.20323E+00 -0.11733E+00  0.41405E+01  0.51958E+02
  617    4.8995 12.5847 -0.14257E+01 -0.20416E+00 -0.11825E+00  0.41393E+01  0.51729E+02
  618    4.9165 12.5898 -0.14303E+01 -0.20508E+00 -0.11918E+00  0.41381E+01  0.51501E+02
  619    4.9336 12.5950 -0.14349E+01 -0.20601E+00 -0.12011E+00  0.41369E+01  0.51269E+02
  620    4.9507 12.6001 -0.14396E+01 -0.20694E+00 -0.12104E+00  0.41357E+01  0.51040E+02
  621    4.9679 12.6052 -0.14442E+01 -0.20788E+00 -0.12197E+00  0.41345E+01  0.50812E+02
  622    4.9851 12.6103 -0.14488E+01 -0.20882E+00 -0.12291E+00  0.41334E+01  0.50584E+02
  623    5.0024 12.6153 -0.14535E+01 -0.20976E+00 -0.12385E+00  0.41322E+01  0.50355E+02
  624    5.0197 12.6204 -0.14581E+01 -0.21070E+00 -0.12479E+00  0.41311E+01  0.50127E+02
  625    5.0370 12.6254 -0.14628E+01 -0.21164E+00 -0.12574E+00  0.41300E+01  0.49899E+02
  626    5.0545 12.6304 -0.14675E+01 -0.21259E+00 -0.12669E+00  0.41288E+01  0.49668E+02
  627    5.0719 12.6354 -0.14722E+01 -0.21354E+00 -0.12764E+00  0.41277E+01  0.49435E+02
  628    5.0894 12.6403 -0.14769E+01 -0.21450E+00 -0.12859E+00  0.41267E+01  0.49214E+02
  629    5.1070 12.6453 -0.14815E+01 -0.21545E+00 -0.12955E+00  0.41256E+01  0.48980E+02
  630    5.1246 12.6502 -0.14863E+01 -0.21641E+00 -0.13051E+00  0.41245E+01  0.48754E+02
  631    5.1423 12.6551 -0.14910E+01 -0.21737E+00 -0.13147E+00  0.41234E+01  0.48527E+02
  632    5.1600 12.6599 -0.14957E+01 -0.21834E+00 -0.13243E+00  0.41224E+01  0.48295E+02
  633    5.1778 12.6648 -0.15004E+01 -0.21930E+00 -0.13340E+00  0.41213E+01  0.48068E+02
  634    5.1956 12.6696 -0.15052E+01 -0.22027E+00 -0.13437E+00  0.41203E+01  0.47837E+02
  635    5.2135 12.6744 -0.15099E+01 -0.22125E+00 -0.13534E+00  0.41192E+01  0.47607E+02
  636    5.2314 12.6792 -0.15147E+01 -0.22222E+00 -0.13632E+00  0.41182E+01  0.47375E+02
  637    5.2494 12.6840 -0.15195E+01 -0.22320E+00 -0.13730E+00  0.41172E+01  0.47148E+02
  638    5.2674 12.6887 -0.15242E+01 -0.22419E+00 -0.13828E+00  0.41162E+01  0.46923E+02
  639    5.2855 12.6934 -0.15290E+01 -0.22517E+00 -0.13926E+00  0.41152E+01  0.46694E+02
  640    5.3037 12.6981 -0.15338E+01 -0.22616E+00 -0.14025E+00  0.41142E+01  0.46465E+02
  641    5.3219 12.7028 -0.15386E+01 -0.22714E+00 -0.14124E+00  0.41133E+01  0.46235E+02
  642    5.3401 12.7075 -0.15434E+01 -0.22814E+00 -0.14223E+00  0.41123E+01  0.46007E+02
  643    5.3584 12.7121 -0.15482E+01 -0.22913E+00 -0.14323E+00  0.41113E+01  0.45780E+02
  644    5.3767 12.7167 -0.15531E+01 -0.23013E+00 -0.14423E+00  0.41104E+01  0.45554E+02
  645    5.3951 12.7214 -0.15579E+01 -0.23113E+00 -0.14523E+00  0.41095E+01  0.45324E+02
  646    5.4136 12.7259 -0.15628E+01 -0.23214E+00 -0.14624E+00  0.41085E+01  0.45101E+02
  647    5.4321 12.7305 -0.15676E+01 -0.23315E+00 -0.14724E+00  0.41076E+01  0.44876E+02
  648    5.4506 12.7351 -0.15725E+01 -0.23416E+00 -0.14825E+00  0.41067E+01  0.44646E+02
  649    5.4693 12.7396 -0.15774E+01 -0.23517E+00 -0.14927E+00  0.41058E+01  0.44418E+02
  650    5.4879 12.7441 -0.15823E+01 -0.23619E+00 -0.15028E+00  0.41049E+01  0.44188E+02
  651    5.5066 12.7486 -0.15872E+01 -0.23720E+00 -0.15130E+00  0.41040E+01  0.43966E+02
  652    5.5254 12.7530 -0.15921E+01 -0.23823E+00 -0.15232E+00  0.41031E+01  0.43735E+02
  653    5.5442 12.7575 -0.15970E+01 -0.23925E+00 -0.15335E+00  0.41023E+01  0.43508E+02
  654    5.5631 12.7619 -0.16019E+01 -0.24028E+00 -0.15437E+00  0.41014E+01  0.43281E+02
  655    5.5821 12.7663 -0.16068E+01 -0.24131E+00 -0.15540E+00  0.41005E+01  0.43056E+02
  656    5.6011 12.7707 -0.16118E+01 -0.24234E+00 -0.15644E+00  0.40997E+01  0.42833E+02
  657    5.6201 12.7751 -0.16167E+01 -0.24338E+00 -0.15747E+00  0.40988E+01  0.42611E+02
  658    5.6392 12.7795 -0.16217E+01 -0.24442E+00 -0.15851E+00  0.40980E+01  0.42382E+02
  659    5.6584 12.7838 -0.16266E+01 -0.24546E+00 -0.15956E+00  0.40972E+01  0.42158E+02
  660    5.6776 12.7881 -0.16316E+01 -0.24651E+00 -0.16060E+00  0.40964E+01  0.41932E+02
  661    5.6968 12.7924 -0.16366E+01 -0.24756E+00 -0.16165E+00  0.40956E+01  0.41709E+02
  662    5.7162 12.7967 -0.16416E+01 -0.24861E+00 -0.16270E+00  0.40948E+01  0.41488E+02
  663    5.7355 12.8010 -0.16466E+01 -0.24966E+00 -0.16375E+00  0.40940E+01  0.41266E+02
  664    5.7550 12.8052 -0.16516E+01 -0.25072E+00 -0.16481E+00  0.40932E+01  0.41042E+02
  665    5.7745 12.8094 -0.16566E+01 -0.25178E+00 -0.16587E+00  0.40924E+01  0.40819E+02
  666    5.7940 12.8136 -0.16617E+01 -0.25284E+00 -0.16693E+00  0.40916E+01  0.40593E+02
  667    5.8136 12.8178 -0.16667E+01 -0.25390E+00 -0.16799E+00  0.40908E+01  0.40374E+02
  668    5.8333 12.8220 -0.16717E+01 -0.25497E+00 -0.16906E+00  0.40901E+01  0.40156E+02
  669    5.8530 12.8261 -0.16768E+01 -0.25604E+00 -0.17013E+00  0.40893E+01  0.39939E+02
  670    5.8727 12.8303 -0.16819E+01 -0.25712E+00 -0.17121E+00  0.40886E+01  0.39722E+02
  671    5.8926 12.8344 -0.16870E+01 -0.25820E+00 -0.17229E+00  0.40878E+01  0.39497E+02
  672    5.9125 12.8385 -0.16920E+01 -0.25928E+00 -0.17337E+00  0.40871E+01  0.39270E+02
  673    5.9324 12.8426 -0.16971E+01 -0.26036E+00 -0.17445E+00  0.40864E+01  0.39052E+02
  674    5.9524 12.8467 -0.17022E+01 -0.26145E+00 -0.17554E+00  0.40857E+01  0.38828E+02
  675    5.9725 12.8507 -0.17074E+01 -0.26254E+00 -0.17663E+00  0.40849E+01  0.38610E+02
  676    5.9926 12.8547 -0.17125E+01 -0.26363E+00 -0.17772E+00  0.40842E+01  0.38391E+02
  677    6.0128 12.8588 -0.17176E+01 -0.26473E+00 -0.17882E+00  0.40835E+01  0.38172E+02
  678    6.0330 12.8627 -0.17228E+01 -0.26582E+00 -0.17992E+00  0.40829E+01  0.37956E+02
  679    6.0533 12.8667 -0.17279E+01 -0.26693E+00 -0.18102E+00  0.40822E+01  0.37739E+02
  680    6.0736 12.8707 -0.17331E+01 -0.26803E+00 -0.18212E+00  0.40815E+01  0.37522E+02
  681    6.0941 12.8746 -0.17383E+01 -0.26914E+00 -0.18323E+00  0.40808E+01  0.37301E+02
  682    6.1145 12.8786 -0.17434E+01 -0.27025E+00 -0.18435E+00  0.40801E+01  0.37083E+02
  683    6.1350 12.8825 -0.17487E+01 -0.27137E+00 -0.18547E+00  0.40795E+01  0.36868E+02
  684    6.1556 12.8864 -0.17539E+01 -0.27249E+00 -0.18659E+00  0.40788E+01  0.36651E+02
  685    6.1763 12.8903 -0.17591E+01 -0.27361E+00 -0.18770E+00  0.40782E+01  0.36436E+02
  686    6.1970 12.8941 -0.17643E+01 -0.27473E+00 -0.18882E+00  0.40775E+01  0.36221E+02
  687    6.2178 12.8980 -0.17695E+01 -0.27585E+00 -0.18995E+00  0.40769E+01  0.36008E+02
  688    6.2386 12.9018 -0.17747E+01 -0.27698E+00 -0.19108E+00  0.40762E+01  0.35795E+02
  689    6.2595 12.9056 -0.17800E+01 -0.27811E+00 -0.19221E+00  0.40756E+01  0.35583E+02
  690    6.2804 12.9094 -0.17852E+01 -0.27925E+00 -0.19334E+00  0.40750E+01  0.35367E+02
  691    6.3014 12.9132 -0.17905E+01 -0.28039E+00 -0.19448E+00  0.40744E+01  0.35156E+02
  692    6.3225 12.9169 -0.17958E+01 -0.28153E+00 -0.19562E+00  0.40738E+01  0.34947E+02
  693    6.3436 12.9207 -0.18010E+01 -0.28267E+00 -0.19677E+00  0.40732E+01  0.34732E+02
  694    6.3648 12.9244 -0.18063E+01 -0.28382E+00 -0.19791E+00  0.40726E+01  0.34519E+02
  695    6.3860 12.9281 -0.18116E+01 -0.28497E+00 -0.19906E+00  0.40720E+01  0.34303E+02
  696    6.4074 12.9318 -0.18169E+01 -0.28612E+00 -0.20022E+00  0.40714E+01  0.34092E+02
  697    6.4287 12.9355 -0.18223E+01 -0.28728E+00 -0.20138E+00  0.40708E+01  0.33888E+02
  698    6.4502 12.9392 -0.18276E+01 -0.28844E+00 -0.20253E+00  0.40702E+01  0.33682E+02
  699    6.4717 12.9428 -0.18329E+01 -0.28960E+00 -0.20370E+00  0.40696E+01  0.33474E+02
  700    6.4932 12.9465 -0.18383E+01 -0.29077E+00 -0.20486E+00  0.40691E+01  0.33267E+02
  701    6.5148 12.9501 -0.18437E+01 -0.29194E+00 -0.20604E+00  0.40685E+01  0.33060E+02
  702    6.5365 12.9537 -0.18490E+01 -0.29311E+00 -0.20721E+00  0.40680E+01  0.32858E+02
  703    6.5583 12.9573 -0.18544E+01 -0.29429E+00 -0.20838E+00  0.40674E+01  0.32650E+02
  704    6.5801 12.9609 -0.18598E+01 -0.29547E+00 -0.20956E+00  0.40669E+01  0.32445E+02
  705    6.6019 12.9644 -0.18652E+01 -0.29665E+00 -0.21075E+00  0.40663E+01  0.32238E+02
  706    6.6239 12.9680 -0.18706E+01 -0.29784E+00 -0.21193E+00  0.40658E+01  0.32035E+02
  707    6.6459 12.9715 -0.18760E+01 -0.29902E+00 -0.21312E+00  0.40652E+01  0.31830E+02
  708    6.6679 12.9750 -0.18815E+01 -0.30022E+00 -0.21431E+00  0.40647E+01  0.31627E+02
  709    6.6901 12.9785 -0.18869E+01 -0.30141E+00 -0.21550E+00  0.40642E+01  0.31423E+02
  710    6.7122 12.9820 -0.18923E+01 -0.30261E+00 -0.21670E+00  0.40637E+01  0.31222E+02
  711    6.7345 12.9855 -0.18978E+01 -0.30381E+00 -0.21790E+00  0.40632E+01  0.31018E+02
  712    6.7568 12.9889 -0.19033E+01 -0.30501E+00 -0.21911E+00  0.40626E+01  0.30817E+02
  713    6.7792 12.9924 -0.19087E+01 -0.30622E+00 -0.22031E+00  0.40621E+01  0.30617E+02
  714    6.8016 12.9958 -0.19142E+01 -0.30743E+00 -0.22153E+00  0.40616E+01  0.30418E+02
  715    6.8241 12.9992 -0.19197E+01 -0.30865E+00 -0.22275E+00  0.40611E+01  0.30214E+02
  716    6.8467 13.0026 -0.19253E+01 -0.30987E+00 -0.22397E+00  0.40607E+01  0.30015E+02
  717    6.8694 13.0060 -0.19308E+01 -0.31109E+00 -0.22518E+00  0.40602E+01  0.29818E+02
  718    6.8921 13.0093 -0.19363E+01 -0.31231E+00 -0.22640E+00  0.40597E+01  0.29622E+02
  719    6.9148 13.0127 -0.19418E+01 -0.31353E+00 -0.22763E+00  0.40592E+01  0.29425E+02
  720    6.9377 13.0160 -0.19474E+01 -0.31476E+00 -0.22886E+00  0.40587E+01  0.29227E+02
  721    6.9606 13.0193 -0.19529E+01 -0.31600E+00 -0.23009E+00  0.40583E+01  0.29032E+02
  722    6.9835 13.0227 -0.19585E+01 -0.31723E+00 -0.23133E+00  0.40578E+01  0.28836E+02
  723    7.0066 13.0259 -0.19641E+01 -0.31847E+00 -0.23257E+00  0.40573E+01  0.28647E+02
  724    7.0297 13.0292 -0.19696E+01 -0.31971E+00 -0.23381E+00  0.40569E+01  0.28453E+02
  725    7.0528 13.0325 -0.19752E+01 -0.32096E+00 -0.23506E+00  0.40564E+01  0.28260E+02
  726    7.0761 13.0357 -0.19808E+01 -0.32221E+00 -0.23631E+00  0.40560E+01  0.28061E+02
  727    7.0994 13.0390 -0.19865E+01 -0.32346E+00 -0.23756E+00  0.40555E+01  0.27871E+02
  728    7.1227 13.0422 -0.19921E+01 -0.32472E+00 -0.23881E+00  0.40551E+01  0.27680E+02
  729    7.1462 13.0454 -0.19977E+01 -0.32598E+00 -0.24007E+00  0.40547E+01  0.27493E+02
  730    7.1697 13.0486 -0.20034E+01 -0.32724E+00 -0.24133E+00  0.40542E+01  0.27304E+02
  731    7.1933 13.0518 -0.20090E+01 -0.32850E+00 -0.24260E+00  0.40538E+01  0.27114E+02
  732    7.2169 13.0550 -0.20147E+01 -0.32977E+00 -0.24387E+00  0.40534E+01  0.26926E+02
  733    7.2406 13.0581 -0.20204E+01 -0.33105E+00 -0.24514E+00  0.40529E+01  0.26740E+02
  734    7.2644 13.0613 -0.20260E+01 -0.33232E+00 -0.24642E+00  0.40525E+01  0.26552E+02
  735    7.2882 13.0644 -0.20317E+01 -0.33360E+00 -0.24770E+00  0.40521E+01  0.26366E+02
  736    7.3121 13.0675 -0.20374E+01 -0.33488E+00 -0.24898E+00  0.40517E+01  0.26177E+02
  737    7.3361 13.0706 -0.20432E+01 -0.33617E+00 -0.25027E+00  0.40513E+01  0.25994E+02
  738    7.3602 13.0737 -0.20489E+01 -0.33746E+00 -0.25156E+00  0.40509E+01  0.25811E+02
  739    7.3843 13.0768 -0.20546E+01 -0.33875E+00 -0.25285E+00  0.40505E+01  0.25627E+02
  740    7.4085 13.0798 -0.20604E+01 -0.34005E+00 -0.25414E+00  0.40501E+01  0.25444E+02
  741    7.4328 13.0829 -0.20661E+01 -0.34135E+00 -0.25544E+00  0.40497E+01  0.25261E+02
  742    7.4571 13.0859 -0.20719E+01 -0.34265E+00 -0.25674E+00  0.40493E+01  0.25080E+02
  743    7.4815 13.0889 -0.20777E+01 -0.34396E+00 -0.25805E+00  0.40489E+01  0.24901E+02
  744    7.5060 13.0919 -0.20835E+01 -0.34526E+00 -0.25936E+00  0.40485E+01  0.24721E+02
  745    7.5305 13.0949 -0.20893E+01 -0.34658E+00 -0.26067E+00  0.40482E+01  0.24539E+02
  746    7.5551 13.0979 -0.20951E+01 -0.34789E+00 -0.26199E+00  0.40478E+01  0.24358E+02
  747    7.5798 13.1009 -0.21009E+01 -0.34921E+00 -0.26331E+00  0.40474E+01  0.24180E+02
  748    7.6045 13.1039 -0.21067E+01 -0.35053E+00 -0.26463E+00  0.40470E+01  0.24006E+02
  749    7.6294 13.1068 -0.21125E+01 -0.35186E+00 -0.26595E+00  0.40467E+01  0.23826E+02
  750    7.6543 13.1097 -0.21184E+01 -0.35319E+00 -0.26728E+00  0.40463E+01  0.23653E+02
  751    7.6792 13.1127 -0.21243E+01 -0.35452E+00 -0.26861E+00  0.40460E+01  0.23478E+02
  752    7.7043 13.1156 -0.21301E+01 -0.35586E+00 -0.26995E+00  0.40456E+01  0.23304E+02
  753    7.7294 13.1185 -0.21360E+01 -0.35720E+00 -0.27129E+00  0.40452E+01  0.23129E+02
  754    7.7546 13.1213 -0.21419E+01 -0.35854E+00 -0.27263E+00  0.40449E+01  0.22958E+02
  755    7.7798 13.1242 -0.21478E+01 -0.35988E+00 -0.27398E+00  0.40445E+01  0.22784E+02
  756    7.8052 13.1271 -0.21537E+01 -0.36123E+00 -0.27533E+00  0.40442E+01  0.22611E+02
  757    7.8306 13.1299 -0.21596E+01 -0.36258E+00 -0.27668E+00  0.40439E+01  0.22441E+02
  758    7.8561 13.1327 -0.21655E+01 -0.36394E+00 -0.27803E+00  0.40435E+01  0.22272E+02
  759    7.8816 13.1356 -0.21715E+01 -0.36530E+00 -0.27939E+00  0.40432E+01  0.22103E+02
  760    7.9072 13.1384 -0.21774E+01 -0.36666E+00 -0.28076E+00  0.40429E+01  0.21936E+02
  761    7.9329 13.1412 -0.21834E+01 -0.36803E+00 -0.28213E+00  0.40425E+01  0.21769E+02
  762    7.9587 13.1440 -0.21894E+01 -0.36940E+00 -0.28350E+00  0.40422E+01  0.21601E+02
  763    7.9846 13.1467 -0.21954E+01 -0.37077E+00 -0.28487E+00  0.40419E+01  0.21434E+02
  764    8.0105 13.1495 -0.22014E+01 -0.37215E+00 -0.28625E+00  0.40416E+01  0.21270E+02
  765    8.0365 13.1522 -0.22074E+01 -0.37353E+00 -0.28763E+00  0.40412E+01  0.21104E+02
  766    8.0626 13.1550 -0.22134E+01 -0.37492E+00 -0.28901E+00  0.40409E+01  0.20942E+02
  767    8.0887 13.1577 -0.22194E+01 -0.37630E+00 -0.29040E+00  0.40406E+01  0.20780E+02
  768    8.1149 13.1604 -0.22254E+01 -0.37769E+00 -0.29179E+00  0.40403E+01  0.20620E+02
  769    8.1412 13.1631 -0.22315E+01 -0.37908E+00 -0.29318E+00  0.40400E+01  0.20458E+02
  770    8.1676 13.1658 -0.22375E+01 -0.38048E+00 -0.29458E+00  0.40397E+01  0.20297E+02
  771    8.1941 13.1685 -0.22436E+01 -0.38189E+00 -0.29598E+00  0.40394E+01  0.20137E+02
  772    8.2206 13.1712 -0.22497E+01 -0.38329E+00 -0.29739E+00  0.40391E+01  0.19975E+02
  773    8.2472 13.1738 -0.22558E+01 -0.38470E+00 -0.29879E+00  0.40388E+01  0.19815E+02
  774    8.2739 13.1765 -0.22619E+01 -0.38611E+00 -0.30021E+00  0.40385E+01  0.19659E+02
  775    8.3006 13.1791 -0.22680E+01 -0.38753E+00 -0.30162E+00  0.40382E+01  0.19499E+02
  776    8.3275 13.1817 -0.22741E+01 -0.38894E+00 -0.30304E+00  0.40379E+01  0.19345E+02
  777    8.3544 13.1843 -0.22802E+01 -0.39036E+00 -0.30446E+00  0.40376E+01  0.19191E+02
  778    8.3814 13.1869 -0.22864E+01 -0.39179E+00 -0.30589E+00  0.40374E+01  0.19037E+02
  779    8.4084 13.1895 -0.22925E+01 -0.39322E+00 -0.30732E+00  0.40371E+01  0.18882E+02
  780    8.4356 13.1921 -0.22987E+01 -0.39466E+00 -0.30875E+00  0.40368E+01  0.18728E+02
  781    8.4628 13.1946 -0.23049E+01 -0.39609E+00 -0.31019E+00  0.40365E+01  0.18578E+02
  782    8.4901 13.1972 -0.23111E+01 -0.39753E+00 -0.31163E+00  0.40362E+01  0.18423E+02
  783    8.5175 13.1997 -0.23173E+01 -0.39898E+00 -0.31307E+00  0.40360E+01  0.18270E+02
  784    8.5449 13.2023 -0.23235E+01 -0.40042E+00 -0.31452E+00  0.40357E+01  0.18125E+02
  785    8.5725 13.2048 -0.23297E+01 -0.40187E+00 -0.31597E+00  0.40354E+01  0.17975E+02
  786    8.6001 13.2073 -0.23359E+01 -0.40332E+00 -0.31742E+00  0.40352E+01  0.17826E+02
  787    8.6278 13.2098 -0.23421E+01 -0.40478E+00 -0.31888E+00  0.40349E+01  0.17680E+02
  788    8.6556 13.2123 -0.23484E+01 -0.40625E+00 -0.32034E+00  0.40346E+01  0.17532E+02
  789    8.6834 13.2148 -0.23546E+01 -0.40771E+00 -0.32181E+00  0.40344E+01  0.17385E+02
  790    8.7114 13.2173 -0.23609E+01 -0.40918E+00 -0.32327E+00  0.40341E+01  0.17240E+02
  791    8.7394 13.2197 -0.23672E+01 -0.41065E+00 -0.32475E+00  0.40339E+01  0.17094E+02
  792    8.7675 13.2222 -0.23735E+01 -0.41213E+00 -0.32622E+00  0.40336E+01  0.16950E+02
  793    8.7957 13.2246 -0.23798E+01 -0.41361E+00 -0.32770E+00  0.40334E+01  0.16806E+02
  794    8.8239 13.2270 -0.23861E+01 -0.41509E+00 -0.32918E+00  0.40331E+01  0.16667E+02
  795    8.8523 13.2294 -0.23924E+01 -0.41658E+00 -0.33067E+00  0.40329E+01  0.16525E+02
  796    8.8807 13.2318 -0.23988E+01 -0.41807E+00 -0.33216E+00  0.40326E+01  0.16386E+02
  797    8.9092 13.2342 -0.24051E+01 -0.41956E+00 -0.33365E+00  0.40324E+01  0.16243E+02
  798    8.9378 13.2366 -0.24115E+01 -0.42106E+00 -0.33515E+00  0.40322E+01  0.16103E+02
  799    8.9665 13.2390 -0.24178E+01 -0.42256E+00 -0.33665E+00  0.40319E+01  0.15967E+02
  800    8.9952 13.2414 -0.24242E+01 -0.42406E+00 -0.33816E+00  0.40317E+01  0.15829E+02
  801    9.0241 13.2437 -0.24306E+01 -0.42557E+00 -0.33967E+00  0.40315E+01  0.15693E+02
  802    9.0530 13.2461 -0.24370E+01 -0.42708E+00 -0.34118E+00  0.40312E+01  0.15556E+02
  803    9.0820 13.2484 -0.24434E+01 -0.42860E+00 -0.34269E+00  0.40310E+01  0.15422E+02
  804    9.1111 13.2507 -0.24499E+01 -0.43012E+00 -0.34421E+00  0.40308E+01  0.15288E+02
  805    9.1403 13.2530 -0.24563E+01 -0.43164E+00 -0.34574E+00  0.40305E+01  0.15154E+02
  806    9.1695 13.2553 -0.24627E+01 -0.43317E+00 -0.34726E+00  0.40303E+01  0.15019E+02
  807    9.1989 13.2576 -0.24692E+01 -0.43470E+00 -0.34879E+00  0.40301E+01  0.14888E+02
  808    9.2283 13.2599 -0.24757E+01 -0.43623E+00 -0.35033E+00  0.40299E+01  0.14756E+02
  809    9.2578 13.2622 -0.24821E+01 -0.43777E+00 -0.35186E+00  0.40297E+01  0.14625E+02
  810    9.2874 13.2644 -0.24886E+01 -0.43931E+00 -0.35341E+00  0.40295E+01  0.14494E+02
  811    9.3171 13.2667 -0.24951E+01 -0.44086E+00 -0.35495E+00  0.40292E+01  0.14364E+02
  812    9.3469 13.2689 -0.25017E+01 -0.44240E+00 -0.35650E+00  0.40290E+01  0.14238E+02
  813    9.3767 13.2712 -0.25082E+01 -0.44396E+00 -0.35805E+00  0.40288E+01  0.14111E+02
  814    9.4066 13.2734 -0.25147E+01 -0.44551E+00 -0.35961E+00  0.40286E+01  0.13984E+02
  815    9.4367 13.2756 -0.25213E+01 -0.44708E+00 -0.36117E+00  0.40284E+01  0.13857E+02
  816    9.4668 13.2778 -0.25278E+01 -0.44864E+00 -0.36273E+00  0.40282E+01  0.13732E+02
  817    9.4970 13.2800 -0.25344E+01 -0.45021E+00 -0.36430E+00  0.40280E+01  0.13608E+02
  818    9.5273 13.2822 -0.25410E+01 -0.45178E+00 -0.36587E+00  0.40278E+01  0.13487E+02
  819    9.5576 13.2844 -0.25476E+01 -0.45335E+00 -0.36745E+00  0.40276E+01  0.13364E+02
  820    9.5881 13.2866 -0.25542E+01 -0.45524E+00 -0.36934E+00  0.40000E+01  0.13243E+02
  821    9.6187 13.2887 -0.25608E+01 -0.45682E+00 -0.37091E+00  0.40000E+01  0.13120E+02
  822    9.6493 13.2909 -0.25674E+01 -0.45840E+00 -0.37250E+00  0.40000E+01  0.13000E+02
  823    9.6800 13.2930 -0.25740E+01 -0.45999E+00 -0.37408E+00  0.40000E+01  0.12880E+02
  824    9.7108 13.2951 -0.25807E+01 -0.46158E+00 -0.37568E+00  0.40000E+01  0.12761E+02
  825    9.7417 13.2973 -0.25874E+01 -0.46318E+00 -0.37727E+00  0.40000E+01  0.12641E+02
  826    9.7727 13.2994 -0.25940E+01 -0.46478E+00 -0.37887E+00  0.40000E+01  0.12523E+02
  827    9.8038 13.3015 -0.26007E+01 -0.46638E+00 -0.38048E+00  0.40000E+01  0.12408E+02
  828    9.8350 13.3036 -0.26074E+01 -0.46799E+00 -0.38209E+00  0.40000E+01  0.12292E+02
  829    9.8662 13.3057 -0.26141E+01 -0.46961E+00 -0.38370E+00  0.40000E+01  0.12178E+02
  830    9.8976 13.3077 -0.26209E+01 -0.47122E+00 -0.38531E+00  0.40000E+01  0.12063E+02
  831    9.9290 13.3098 -0.26276E+01 -0.47283E+00 -0.38693E+00  0.40000E+01  0.11950E+02
  832    9.9606 13.3119 -0.26343E+01 -0.47446E+00 -0.38856E+00  0.40000E+01  0.11837E+02
  833    9.9922 13.3139 -0.26411E+01 -0.47609E+00 -0.39018E+00  0.40000E+01  0.11726E+02
  834   10.0239 13.3160 -0.26478E+01 -0.47771E+00 -0.39181E+00  0.40000E+01  0.11614E+02
  835   10.0557 13.3180 -0.26546E+01 -0.47934E+00 -0.39344E+00  0.40000E+01  0.11502E+02
  836   10.0876 13.3200 -0.26614E+01 -0.48098E+00 -0.39508E+00  0.40000E+01  0.11393E+02
  837   10.1196 13.3220 -0.26682E+01 -0.48263E+00 -0.39672E+00  0.40000E+01  0.11281E+02
  838   10.1517 13.3240 -0.26750E+01 -0.48427E+00 -0.39837E+00  0.40000E+01  0.11173E+02
  839   10.1839 13.3260 -0.26819E+01 -0.48593E+00 -0.40002E+00  0.40000E+01  0.11065E+02
  840   10.2161 13.3280 -0.26887E+01 -0.48758E+00 -0.40167E+00  0.40000E+01  0.10959E+02
  841   10.2485 13.3300 -0.26955E+01 -0.48923E+00 -0.40333E+00  0.40000E+01  0.10850E+02
  842   10.2809 13.3320 -0.27024E+01 -0.49089E+00 -0.40499E+00  0.40000E+01  0.10748E+02
  843   10.3135 13.3339 -0.27093E+01 -0.49256E+00 -0.40665E+00  0.40000E+01  0.10643E+02
  844   10.3461 13.3359 -0.27161E+01 -0.49423E+00 -0.40832E+00  0.40000E+01  0.10540E+02
  845   10.3789 13.3378 -0.27230E+01 -0.49590E+00 -0.40999E+00  0.40000E+01  0.10435E+02
  846   10.4117 13.3398 -0.27299E+01 -0.49757E+00 -0.41167E+00  0.40000E+01  0.10333E+02
  847   10.4446 13.3417 -0.27369E+01 -0.49926E+00 -0.41335E+00  0.40000E+01  0.10229E+02
  848   10.4777 13.3436 -0.27438E+01 -0.50094E+00 -0.41504E+00  0.40000E+01  0.10128E+02
  849   10.5108 13.3456 -0.27507E+01 -0.50263E+00 -0.41672E+00  0.40000E+01  0.10030E+02
  850   10.5440 13.3475 -0.27577E+01 -0.50432E+00 -0.41842E+00  0.40000E+01  0.99306E+01
  851   10.5773 13.3494 -0.27646E+01 -0.50602E+00 -0.42011E+00  0.40000E+01  0.98324E+01
  852   10.6107 13.3512 -0.27716E+01 -0.50772E+00 -0.42181E+00  0.40000E+01  0.97326E+01
  853   10.6442 13.3531 -0.27786E+01 -0.50942E+00 -0.42352E+00  0.40000E+01  0.96366E+01
  854   10.6778 13.3550 -0.27856E+01 -0.51113E+00 -0.42522E+00  0.40000E+01  0.95383E+01
  855   10.7115 13.3569 -0.27926E+01 -0.51284E+00 -0.42694E+00  0.40000E+01  0.94436E+01
  856   10.7453 13.3587 -0.27996E+01 -0.51456E+00 -0.42865E+00  0.40000E+01  0.93489E+01
  857   10.7792 13.3606 -0.28067E+01 -0.51628E+00 -0.43038E+00  0.40000E+01  0.92524E+01
  858   10.8132 13.3624 -0.28137E+01 -0.51801E+00 -0.43210E+00  0.40000E+01  0.91579E+01
  859   10.8472 13.3642 -0.28208E+01 -0.51973E+00 -0.43383E+00  0.40000E+01  0.90647E+01
  860   10.8814 13.3661 -0.28279E+01 -0.52147E+00 -0.43556E+00  0.40000E+01  0.89726E+01
  861   10.9157 13.3679 -0.28350E+01 -0.52321E+00 -0.43730E+00  0.40000E+01  0.88811E+01
  862   10.9501 13.3697 -0.28420E+01 -0.52494E+00 -0.43904E+00  0.40000E+01  0.87890E+01
  863   10.9846 13.3715 -0.28492E+01 -0.52669E+00 -0.44078E+00  0.40000E+01  0.86979E+01
  864   11.0191 13.3733 -0.28563E+01 -0.52844E+00 -0.44253E+00  0.40000E+01  0.86092E+01
  865   11.0538 13.3751 -0.28634E+01 -0.53019E+00 -0.44429E+00  0.40000E+01  0.85189E+01
  866   11.0886 13.3769 -0.28706E+01 -0.53195E+00 -0.44604E+00  0.40000E+01  0.84308E+01
  867   11.1235 13.3786 -0.28777E+01 -0.53371E+00 -0.44780E+00  0.40000E+01  0.83430E+01
  868   11.1585 13.3804 -0.28849E+01 -0.53547E+00 -0.44956E+00  0.40000E+01  0.82555E+01
  869   11.1935 13.3821 -0.28921E+01 -0.53724E+00 -0.45133E+00  0.40000E+01  0.81699E+01
  870   11.2287 13.3839 -0.28993E+01 -0.53901E+00 -0.45311E+00  0.40000E+01  0.80841E+01
  871   11.2640 13.3856 -0.29065E+01 -0.54079E+00 -0.45488E+00  0.40000E+01  0.79993E+01
  872   11.2994 13.3874 -0.29137E+01 -0.54257E+00 -0.45666E+00  0.40000E+01  0.79161E+01
  873   11.3349 13.3891 -0.29209E+01 -0.54435E+00 -0.45844E+00  0.40000E+01  0.78321E+01
  874   11.3705 13.3908 -0.29281E+01 -0.54614E+00 -0.46023E+00  0.40000E+01  0.77482E+01
  875   11.4061 13.3925 -0.29354E+01 -0.54793E+00 -0.46203E+00  0.40000E+01  0.76649E+01
  876   11.4419 13.3942 -0.29427E+01 -0.54973E+00 -0.46383E+00  0.40000E+01  0.75836E+01
  877   11.4778 13.3959 -0.29500E+01 -0.55154E+00 -0.46563E+00  0.40000E+01  0.75034E+01
  878   11.5138 13.3976 -0.29572E+01 -0.55334E+00 -0.46744E+00  0.40000E+01  0.74218E+01
  879   11.5499 13.3993 -0.29646E+01 -0.55515E+00 -0.46925E+00  0.40000E+01  0.73417E+01
  880   11.5862 13.4010 -0.29719E+01 -0.55697E+00 -0.47106E+00  0.40000E+01  0.72643E+01
  881   11.6225 13.4026 -0.29792E+01 -0.55878E+00 -0.47288E+00  0.40000E+01  0.71860E+01
  882   11.6589 13.4043 -0.29865E+01 -0.56060E+00 -0.47470E+00  0.40000E+01  0.71078E+01
  883   11.6954 13.4059 -0.29939E+01 -0.56243E+00 -0.47653E+00  0.40000E+01  0.70299E+01
  884   11.7320 13.4076 -0.30013E+01 -0.56426E+00 -0.47836E+00  0.40000E+01  0.69528E+01
  885   11.7688 13.4092 -0.30086E+01 -0.56610E+00 -0.48019E+00  0.40000E+01  0.68772E+01
  886   11.8056 13.4109 -0.30160E+01 -0.56793E+00 -0.48203E+00  0.40000E+01  0.68016E+01
  887   11.8426 13.4125 -0.30234E+01 -0.56978E+00 -0.48387E+00  0.40000E+01  0.67274E+01
  888   11.8796 13.4141 -0.30309E+01 -0.57163E+00 -0.48572E+00  0.40000E+01  0.66533E+01
  889   11.9168 13.4157 -0.30383E+01 -0.57348E+00 -0.48757E+00  0.40000E+01  0.65792E+01
  890   11.9541 13.4173 -0.30457E+01 -0.57533E+00 -0.48943E+00  0.40000E+01  0.65061E+01
  891   11.9914 13.4189 -0.30532E+01 -0.57719E+00 -0.49129E+00  0.40000E+01  0.64333E+01
  892   12.0289 13.4205 -0.30606E+01 -0.57905E+00 -0.49315E+00  0.40000E+01  0.63633E+01
  893   12.0665 13.4221 -0.30681E+01 -0.58092E+00 -0.49502E+00  0.40000E+01  0.62925E+01
  894   12.1042 13.4237 -0.30756E+01 -0.58279E+00 -0.49689E+00  0.40000E+01  0.62211E+01
  895   12.1420 13.4252 -0.30831E+01 -0.58467E+00 -0.49876E+00  0.40000E+01  0.61529E+01
  896   12.1799 13.4268 -0.30906E+01 -0.58655E+00 -0.50064E+00  0.40000E+01  0.60834E+01
  897   12.2180 13.4283 -0.30982E+01 -0.58844E+00 -0.50253E+00  0.40000E+01  0.60154E+01
  898   12.2561 13.4299 -0.31057E+01 -0.59033E+00 -0.50443E+00  0.40000E+01  0.59460E+01
  899   12.2943 13.4314 -0.31133E+01 -0.59222E+00 -0.50632E+00  0.40000E+01  0.58778E+01
  900   12.3327 13.4330 -0.31208E+01 -0.59411E+00 -0.50821E+00  0.40000E+01  0.58118E+01
  901   12.3712 13.4345 -0.31284E+01 -0.59602E+00 -0.51011E+00  0.40000E+01  0.57472E+01
  902   12.4098 13.4360 -0.31360E+01 -0.59793E+00 -0.51202E+00  0.40000E+01  0.56803E+01
  903   12.4484 13.4375 -0.31436E+01 -0.59983E+00 -0.51393E+00  0.40000E+01  0.56164E+01
  904   12.4872 13.4390 -0.31512E+01 -0.60175E+00 -0.51584E+00  0.40000E+01  0.55522E+01
  905   12.5262 13.4405 -0.31589E+01 -0.60367E+00 -0.51776E+00  0.40000E+01  0.54865E+01
  906   12.5652 13.4420 -0.31665E+01 -0.60559E+00 -0.51969E+00  0.40000E+01  0.54241E+01
  907   12.6043 13.4435 -0.31742E+01 -0.60752E+00 -0.52162E+00  0.40000E+01  0.53609E+01
  908   12.6436 13.4450 -0.31819E+01 -0.60945E+00 -0.52355E+00  0.40000E+01  0.52995E+01
  909   12.6829 13.4465 -0.31895E+01 -0.61139E+00 -0.52548E+00  0.40000E+01  0.52377E+01
  910   12.7224 13.4480 -0.31972E+01 -0.61333E+00 -0.52742E+00  0.40000E+01  0.51765E+01
  911   12.7620 13.4494 -0.32050E+01 -0.61528E+00 -0.52937E+00  0.40000E+01  0.51161E+01
  912   12.8017 13.4509 -0.32127E+01 -0.61723E+00 -0.53132E+00  0.40000E+01  0.50565E+01
  913   12.8415 13.4523 -0.32204E+01 -0.61918E+00 -0.53327E+00  0.40000E+01  0.49968E+01
  914   12.8815 13.4538 -0.32282E+01 -0.62113E+00 -0.53523E+00  0.40000E+01  0.49383E+01
  915   12.9215 13.4552 -0.32359E+01 -0.62310E+00 -0.53720E+00  0.40000E+01  0.48800E+01
  916   12.9617 13.4567 -0.32437E+01 -0.62507E+00 -0.53916E+00  0.40000E+01  0.48222E+01
  917   13.0020 13.4581 -0.32515E+01 -0.62704E+00 -0.54113E+00  0.40000E+01  0.47651E+01
  918   13.0424 13.4595 -0.32593E+01 -0.62901E+00 -0.54311E+00  0.40000E+01  0.47082E+01
  919   13.0829 13.4609 -0.32671E+01 -0.63099E+00 -0.54509E+00  0.40000E+01  0.46520E+01
  920   13.1235 13.4623 -0.32749E+01 -0.63298E+00 -0.54707E+00  0.40000E+01  0.45960E+01
  921   13.1643 13.4637 -0.32828E+01 -0.63497E+00 -0.54906E+00  0.40000E+01  0.45416E+01
  922   13.2051 13.4651 -0.32906E+01 -0.63696E+00 -0.55106E+00  0.40000E+01  0.44867E+01
  923   13.2461 13.4665 -0.32985E+01 -0.63896E+00 -0.55305E+00  0.40000E+01  0.44330E+01
  924   13.2872 13.4679 -0.33064E+01 -0.64096E+00 -0.55505E+00  0.40000E+01  0.43799E+01
  925   13.3285 13.4693 -0.33143E+01 -0.64297E+00 -0.55706E+00  0.40000E+01  0.43262E+01
  926   13.3698 13.4706 -0.33222E+01 -0.64498E+00 -0.55908E+00  0.40000E+01  0.42740E+01
  927   13.4113 13.4720 -0.33301E+01 -0.64699E+00 -0.56109E+00  0.40000E+01  0.42217E+01
  928   13.4528 13.4734 -0.33381E+01 -0.64901E+00 -0.56311E+00  0.40000E+01  0.41701E+01
  929   13.4945 13.4747 -0.33460E+01 -0.65104E+00 -0.56513E+00  0.40000E+01  0.41193E+01
  930   13.5364 13.4761 -0.33540E+01 -0.65306E+00 -0.56716E+00  0.40000E+01  0.40688E+01
  931   13.5783 13.4774 -0.33619E+01 -0.65510E+00 -0.56919E+00  0.40000E+01  0.40197E+01
  932   13.6204 13.4788 -0.33700E+01 -0.65714E+00 -0.57124E+00  0.40000E+01  0.39692E+01
  933   13.6626 13.4801 -0.33780E+01 -0.65918E+00 -0.57328E+00  0.40000E+01  0.39194E+01
  934   13.7049 13.4814 -0.33859E+01 -0.66122E+00 -0.57531E+00  0.40000E+01  0.38724E+01
  935   13.7473 13.4827 -0.33940E+01 -0.66327E+00 -0.57737E+00  0.40000E+01  0.38235E+01
  936   13.7898 13.4841 -0.34020E+01 -0.66533E+00 -0.57943E+00  0.40000E+01  0.37759E+01
  937   13.8325 13.4854 -0.34101E+01 -0.66739E+00 -0.58149E+00  0.40000E+01  0.37288E+01
  938   13.8753 13.4867 -0.34181E+01 -0.66946E+00 -0.58355E+00  0.40000E+01  0.36828E+01
  939   13.9182 13.4880 -0.34262E+01 -0.67153E+00 -0.58562E+00  0.40000E+01  0.36358E+01
  940   13.9613 13.4893 -0.34343E+01 -0.67360E+00 -0.58770E+00  0.40000E+01  0.35897E+01
  941   14.0044 13.4905 -0.34425E+01 -0.67568E+00 -0.58977E+00  0.40000E+01  0.35453E+01
  942   14.0477 13.4918 -0.34506E+01 -0.67776E+00 -0.59185E+00  0.40000E+01  0.35015E+01
  943   14.0911 13.4931 -0.34587E+01 -0.67984E+00 -0.59394E+00  0.40000E+01  0.34558E+01
  944   14.1347 13.4944 -0.34668E+01 -0.68194E+00 -0.59603E+00  0.40000E+01  0.34122E+01
  945   14.1784 13.4956 -0.34750E+01 -0.68403E+00 -0.59813E+00  0.40000E+01  0.33694E+01
  946   14.2221 13.4969 -0.34832E+01 -0.68613E+00 -0.60022E+00  0.40000E+01  0.33266E+01
  947   14.2661 13.4981 -0.34914E+01 -0.68824E+00 -0.60233E+00  0.40000E+01  0.32831E+01
  948   14.3101 13.4994 -0.34996E+01 -0.69035E+00 -0.60445E+00  0.40000E+01  0.32420E+01
  949   14.3543 13.5006 -0.35078E+01 -0.69247E+00 -0.60656E+00  0.40000E+01  0.32001E+01
  950   14.3986 13.5019 -0.35161E+01 -0.69459E+00 -0.60868E+00  0.40000E+01  0.31594E+01
  951   14.4430 13.5031 -0.35243E+01 -0.69671E+00 -0.61080E+00  0.40000E+01  0.31186E+01
  952   14.4876 13.5043 -0.35326E+01 -0.69884E+00 -0.61293E+00  0.40000E+01  0.30783E+01
  953   14.5323 13.5056 -0.35408E+01 -0.70097E+00 -0.61507E+00  0.40000E+01  0.30378E+01
  954   14.5771 13.5068 -0.35491E+01 -0.70311E+00 -0.61721E+00  0.40000E+01  0.29982E+01
  955   14.6220 13.5080 -0.35574E+01 -0.70525E+00 -0.61935E+00  0.40000E+01  0.29586E+01
  956   14.6671 13.5092 -0.35658E+01 -0.70740E+00 -0.62150E+00  0.40000E+01  0.29204E+01
  957   14.7123 13.5104 -0.35741E+01 -0.70956E+00 -0.62365E+00  0.40000E+01  0.28824E+01
  958   14.7576 13.5116 -0.35825E+01 -0.71172E+00 -0.62581E+00  0.40000E+01  0.28443E+01
  959   14.8031 13.5128 -0.35908E+01 -0.71388E+00 -0.62798E+00  0.40000E+01  0.28070E+01
  960   14.8487 13.5140 -0.35992E+01 -0.71604E+00 -0.63014E+00  0.40000E+01  0.27693E+01
  961   14.8944 13.5151 -0.36076E+01 -0.71821E+00 -0.63230E+00  0.40000E+01  0.27331E+01
  962   14.9403 13.5163 -0.36160E+01 -0.72038E+00 -0.63448E+00  0.40000E+01  0.26969E+01
  963   14.9863 13.5175 -0.36244E+01 -0.72256E+00 -0.63665E+00  0.40000E+01  0.26608E+01
  964   15.0324 13.5186 -0.36328E+01 -0.72475E+00 -0.63884E+00  0.40000E+01  0.26248E+01
  965   15.0787 13.5198 -0.36413E+01 -0.72694E+00 -0.64104E+00  0.40000E+01  0.25898E+01
  966   15.1250 13.5210 -0.36497E+01 -0.72913E+00 -0.64323E+00  0.40000E+01  0.25553E+01
  967   15.1716 13.5221 -0.36582E+01 -0.73133E+00 -0.64543E+00  0.40000E+01  0.25211E+01
  968   15.2182 13.5233 -0.36667E+01 -0.73354E+00 -0.64763E+00  0.40000E+01  0.24879E+01
  969   15.2650 13.5244 -0.36752E+01 -0.73575E+00 -0.64984E+00  0.40000E+01  0.24543E+01
  970   15.3119 13.5255 -0.36837E+01 -0.73796E+00 -0.65206E+00  0.40000E+01  0.24212E+01
  971   15.3590 13.5267 -0.36922E+01 -0.74017E+00 -0.65427E+00  0.40000E+01  0.23884E+01
  972   15.4062 13.5278 -0.37008E+01 -0.74239E+00 -0.65649E+00  0.40000E+01  0.23554E+01
  973   15.4535 13.5289 -0.37093E+01 -0.74462E+00 -0.65872E+00  0.40000E+01  0.23229E+01
  974   15.5010 13.5300 -0.37179E+01 -0.74686E+00 -0.66095E+00  0.40000E+01  0.22918E+01
  975   15.5486 13.5311 -0.37265E+01 -0.74910E+00 -0.66319E+00  0.40000E+01  0.22600E+01
  976   15.5964 13.5322 -0.37351E+01 -0.75134E+00 -0.66544E+00  0.40000E+01  0.22287E+01
  977   15.6443 13.5333 -0.37437E+01 -0.75359E+00 -0.66768E+00  0.40000E+01  0.21978E+01
  978   15.6923 13.5344 -0.37523E+01 -0.75584E+00 -0.66993E+00  0.40000E+01  0.21679E+01
  979   15.7405 13.5355 -0.37610E+01 -0.75810E+00 -0.67219E+00  0.40000E+01  0.21384E+01
  980   15.7888 13.5366 -0.37697E+01 -0.76036E+00 -0.67445E+00  0.40000E+01  0.21087E+01
  981   15.8372 13.5377 -0.37783E+01 -0.76262E+00 -0.67671E+00  0.40000E+01  0.20795E+01
  982   15.8858 13.5388 -0.37870E+01 -0.76489E+00 -0.67898E+00  0.40000E+01  0.20504E+01
  983   15.9345 13.5398 -0.37957E+01 -0.76716E+00 -0.68126E+00  0.40000E+01  0.20217E+01
  984   15.9834 13.5409 -0.38044E+01 -0.76944E+00 -0.68354E+00  0.40000E+01  0.19936E+01
  985   16.0324 13.5420 -0.38132E+01 -0.77173E+00 -0.68582E+00  0.40000E+01  0.19655E+01
  986   16.0815 13.5430 -0.38219E+01 -0.77402E+00 -0.68811E+00  0.40000E+01  0.19380E+01
  987   16.1308 13.5441 -0.38307E+01 -0.77631E+00 -0.69041E+00  0.40000E+01  0.19109E+01
  988   16.1802 13.5451 -0.38394E+01 -0.77861E+00 -0.69271E+00  0.40000E+01  0.18843E+01
  989   16.2298 13.5462 -0.38482E+01 -0.78092E+00 -0.69502E+00  0.40000E+01  0.18571E+01
  990   16.2795 13.5472 -0.38570E+01 -0.78323E+00 -0.69733E+00  0.40000E+01  0.18308E+01
  991   16.3293 13.5483 -0.38659E+01 -0.78554E+00 -0.69964E+00  0.40000E+01  0.18053E+01
  992   16.3793 13.5493 -0.38747E+01 -0.78786E+00 -0.70196E+00  0.40000E+01  0.17794E+01
  993   16.4295 13.5503 -0.38836E+01 -0.79019E+00 -0.70429E+00  0.40000E+01  0.17541E+01
  994   16.4798 13.5513 -0.38924E+01 -0.79252E+00 -0.70662E+00  0.40000E+01  0.17288E+01
  995   16.5302 13.5524 -0.39013E+01 -0.79485E+00 -0.70895E+00  0.40000E+01  0.17033E+01
  996   16.5808 13.5534 -0.39102E+01 -0.79719E+00 -0.71129E+00  0.40000E+01  0.16794E+01
  997   16.6315 13.5544 -0.39191E+01 -0.79954E+00 -0.71363E+00  0.40000E+01  0.16549E+01
  998   16.6824 13.5554 -0.39280E+01 -0.80189E+00 -0.71599E+00  0.40000E+01  0.16310E+01
  999   16.7334 13.5564 -0.39370E+01 -0.80425E+00 -0.71834E+00  0.40000E+01  0.16077E+01
 1000   16.7846 13.5574 -0.39459E+01 -0.80660E+00 -0.72070E+00  0.40000E+01  0.15837E+01
