    1    0.0001  0.0014 -0.15259E-04  0.51772E-06  0.83908E-01  0.10299E+02  0.26397E+02
    2    0.0030  0.0430 -0.16018E-03  0.95509E-04  0.84003E-01  0.10275E+02  0.87747E+01
    3    0.0059  0.0846 -0.38414E-03  0.17097E-03  0.84078E-01  0.10251E+02  0.10751E+02
    4    0.0088  0.1261 -0.63809E-03  0.23964E-03  0.84147E-01  0.10228E+02  0.12020E+02
    5    0.0117  0.1675 -0.91321E-03  0.30379E-03  0.84211E-01  0.10205E+02  0.12951E+02
    6    0.0146  0.2089 -0.11999E-02  0.36582E-03  0.84273E-01  0.10182E+02  0.13699E+02
    7    0.0175  0.2502 -0.15048E-02  0.42412E-03  0.84331E-01  0.10159E+02  0.14385E+02
    8    0.0205  0.2914 -0.18240E-02  0.47966E-03  0.84387E-01  0.10137E+02  0.14998E+02
    9    0.0234  0.3326 -0.21555E-02  0.53282E-03  0.84440E-01  0.10114E+02  0.15565E+02
   10    0.0264  0.3738 -0.24987E-02  0.58401E-03  0.84491E-01  0.10092E+02  0.16096E+02
   11    0.0293  0.4148 -0.28530E-02  0.63312E-03  0.84540E-01  0.10069E+02  0.16585E+02
   12    0.0323  0.4559 -0.32172E-02  0.68058E-03  0.84588E-01  0.10047E+02  0.17078E+02
   13    0.0353  0.4968 -0.35910E-02  0.72658E-03  0.84634E-01  0.10025E+02  0.17507E+02
   14    0.0383  0.5377 -0.39744E-02  0.77077E-03  0.84678E-01  0.10003E+02  0.17953E+02
   15    0.0413  0.5786 -0.43663E-02  0.81382E-03  0.84721E-01  0.99807E+01  0.18367E+02
   16    0.0443  0.6193 -0.47669E-02  0.85557E-03  0.84763E-01  0.99588E+01  0.18765E+02
   17    0.0473  0.6601 -0.51761E-02  0.89597E-03  0.84803E-01  0.99369E+01  0.19163E+02
   18    0.0503  0.7007 -0.55931E-02  0.93508E-03  0.84842E-01  0.99150E+01  0.19545E+02
   19    0.0533  0.7413 -0.60181E-02  0.97320E-03  0.84880E-01  0.98933E+01  0.19923E+02
   20    0.0564  0.7819 -0.64507E-02  0.10100E-02  0.84917E-01  0.98716E+01  0.20276E+02
   21    0.0594  0.8224 -0.68909E-02  0.10459E-02  0.84953E-01  0.98499E+01  0.20649E+02
   22    0.0625  0.8628 -0.73386E-02  0.10808E-02  0.84988E-01  0.98284E+01  0.20996E+02
   23    0.0655  0.9031 -0.78027E-02  0.11122E-02  0.85019E-01  0.98069E+01  0.21367E+02
   24    0.0686  0.9434 -0.82627E-02  0.11455E-02  0.85053E-01  0.97854E+01  0.21698E+02
   25    0.0717  0.9837 -0.87312E-02  0.11775E-02  0.85085E-01  0.97640E+01  0.22042E+02
   26    0.0748  1.0239 -0.92056E-02  0.12088E-02  0.85116E-01  0.97427E+01  0.22363E+02
   27    0.0779  1.0640 -0.96876E-02  0.12391E-02  0.85146E-01  0.97214E+01  0.22692E+02
   28    0.0810  1.1040 -0.10176E-01  0.12685E-02  0.85176E-01  0.97002E+01  0.23016E+02
   29    0.0841  1.1440 -0.10672E-01  0.12970E-02  0.85204E-01  0.96790E+01  0.23329E+02
   30    0.0873  1.1839 -0.11174E-01  0.13245E-02  0.85232E-01  0.96579E+01  0.23652E+02
   31    0.0904  1.2238 -0.11683E-01  0.13512E-02  0.85258E-01  0.96368E+01  0.23964E+02
   32    0.0935  1.2636 -0.12198E-01  0.13771E-02  0.85284E-01  0.96158E+01  0.24281E+02
   33    0.0967  1.3033 -0.12719E-01  0.14024E-02  0.85309E-01  0.95949E+01  0.24587E+02
   34    0.0999  1.3430 -0.13248E-01  0.14266E-02  0.85334E-01  0.95740E+01  0.24903E+02
   35    0.1030  1.3826 -0.13782E-01  0.14498E-02  0.85357E-01  0.95531E+01  0.25199E+02
   36    0.1062  1.4221 -0.14322E-01  0.14726E-02  0.85380E-01  0.95323E+01  0.25504E+02
   37    0.1094  1.4616 -0.14869E-01  0.14946E-02  0.85402E-01  0.95116E+01  0.25813E+02
   38    0.1126  1.5010 -0.15422E-01  0.15157E-02  0.85423E-01  0.94909E+01  0.26106E+02
   39    0.1158  1.5404 -0.15981E-01  0.15361E-02  0.85443E-01  0.94703E+01  0.26413E+02
   40    0.1190  1.5796 -0.16547E-01  0.15555E-02  0.85463E-01  0.94497E+01  0.26707E+02
   41    0.1223  1.6189 -0.17118E-01  0.15745E-02  0.85482E-01  0.94291E+01  0.27002E+02
   42    0.1255  1.6580 -0.17695E-01  0.15924E-02  0.85500E-01  0.94086E+01  0.27302E+02
   43    0.1287  1.6971 -0.18279E-01  0.16097E-02  0.85517E-01  0.93882E+01  0.27596E+02
   44    0.1320  1.7361 -0.18868E-01  0.16263E-02  0.85533E-01  0.93678E+01  0.27892E+02
   45    0.1353  1.7751 -0.19464E-01  0.16422E-02  0.85549E-01  0.93475E+01  0.28186E+02
   46    0.1385  1.8139 -0.20065E-01  0.16574E-02  0.85564E-01  0.93272E+01  0.28481E+02
   47    0.1418  1.8528 -0.20673E-01  0.16716E-02  0.85579E-01  0.93069E+01  0.28771E+02
   48    0.1451  1.8915 -0.21286E-01  0.16852E-02  0.85592E-01  0.92867E+01  0.29061E+02
   49    0.1484  1.9302 -0.21905E-01  0.16981E-02  0.85605E-01  0.92666E+01  0.29358E+02
   50    0.1517  1.9688 -0.22531E-01  0.17103E-02  0.85617E-01  0.92464E+01  0.29643E+02
   51    0.1551  2.0073 -0.23162E-01  0.17216E-02  0.85629E-01  0.92264E+01  0.29934E+02
   52    0.1584  2.0458 -0.23799E-01  0.17324E-02  0.85639E-01  0.92064E+01  0.30228E+02
   53    0.1617  2.0842 -0.24442E-01  0.17421E-02  0.85649E-01  0.91864E+01  0.30512E+02
   54    0.1651  2.1226 -0.25091E-01  0.17514E-02  0.85658E-01  0.91665E+01  0.30804E+02
   55    0.1685  2.1608 -0.25745E-01  0.17599E-02  0.85667E-01  0.91466E+01  0.31092E+02
   56    0.1718  2.1990 -0.26406E-01  0.17675E-02  0.85675E-01  0.91268E+01  0.31380E+02
   57    0.1752  2.2372 -0.27072E-01  0.17744E-02  0.85682E-01  0.91070E+01  0.31666E+02
   58    0.1786  2.2752 -0.27744E-01  0.17807E-02  0.85688E-01  0.90873E+01  0.31952E+02
   59    0.1820  2.3132 -0.28422E-01  0.17861E-02  0.85693E-01  0.90676E+01  0.32241E+02
   60    0.1854  2.3511 -0.29106E-01  0.17909E-02  0.85698E-01  0.90480E+01  0.32524E+02
   61    0.1888  2.3890 -0.29795E-01  0.17951E-02  0.85702E-01  0.90284E+01  0.32817E+02
   62    0.1923  2.4268 -0.30491E-01  0.17982E-02  0.85705E-01  0.90088E+01  0.33100E+02
   63    0.1957  2.4645 -0.31192E-01  0.18006E-02  0.85708E-01  0.89893E+01  0.33390E+02
   64    0.1991  2.5021 -0.31899E-01  0.18025E-02  0.85710E-01  0.89699E+01  0.33678E+02
   65    0.2026  2.5397 -0.32612E-01  0.18034E-02  0.85710E-01  0.89505E+01  0.33967E+02
   66    0.2061  2.5772 -0.33331E-01  0.18038E-02  0.85711E-01  0.89311E+01  0.34250E+02
   67    0.2096  2.6146 -0.34056E-01  0.18031E-02  0.85710E-01  0.89118E+01  0.34536E+02
   68    0.2130  2.6520 -0.34786E-01  0.18020E-02  0.85709E-01  0.88925E+01  0.34823E+02
   69    0.2165  2.6892 -0.35522E-01  0.17998E-02  0.85707E-01  0.88733E+01  0.35116E+02
   70    0.2201  2.7264 -0.36264E-01  0.17971E-02  0.85704E-01  0.88541E+01  0.35398E+02
   71    0.2236  2.7636 -0.37012E-01  0.17936E-02  0.85701E-01  0.88350E+01  0.35683E+02
   72    0.2271  2.8006 -0.37766E-01  0.17893E-02  0.85696E-01  0.88159E+01  0.35524E+02
   73    0.2306  2.8376 -0.38513E-01  0.17875E-02  0.85695E-01  0.87968E+01  0.35813E+02
   74    0.2342  2.8746 -0.39278E-01  0.17816E-02  0.85689E-01  0.87778E+01  0.36547E+02
   75    0.2378  2.9114 -0.40049E-01  0.17748E-02  0.85682E-01  0.87588E+01  0.36831E+02
   76    0.2413  2.9482 -0.40826E-01  0.17675E-02  0.85675E-01  0.87399E+01  0.37128E+02
   77    0.2449  2.9849 -0.41608E-01  0.17594E-02  0.85666E-01  0.87211E+01  0.37410E+02
   78    0.2485  3.0215 -0.42396E-01  0.17504E-02  0.85658E-01  0.87023E+01  0.37694E+02
   79    0.2521  3.0580 -0.43191E-01  0.17407E-02  0.85648E-01  0.86835E+01  0.37984E+02
   80    0.2557  3.0945 -0.43991E-01  0.17301E-02  0.85637E-01  0.86648E+01  0.38275E+02
   81    0.2593  3.1309 -0.44796E-01  0.17188E-02  0.85626E-01  0.86461E+01  0.38565E+02
   82    0.2630  3.1672 -0.45608E-01  0.17067E-02  0.85614E-01  0.86274E+01  0.38849E+02
   83    0.2666  3.2035 -0.46426E-01  0.16938E-02  0.85601E-01  0.86088E+01  0.39138E+02
   84    0.2703  3.2397 -0.47249E-01  0.16800E-02  0.85587E-01  0.85903E+01  0.39431E+02
   85    0.2739  3.2758 -0.48079E-01  0.16656E-02  0.85573E-01  0.85718E+01  0.39718E+02
   86    0.2776  3.3118 -0.48914E-01  0.16501E-02  0.85557E-01  0.85533E+01  0.40006E+02
   87    0.2813  3.3478 -0.49754E-01  0.16342E-02  0.85541E-01  0.85349E+01  0.40294E+02
   88    0.2850  3.3836 -0.50601E-01  0.16171E-02  0.85524E-01  0.85165E+01  0.40587E+02
   89    0.2887  3.4194 -0.51454E-01  0.15994E-02  0.85507E-01  0.84982E+01  0.40877E+02
   90    0.2924  3.4552 -0.52312E-01  0.15806E-02  0.85488E-01  0.84799E+01  0.41166E+02
   91    0.2962  3.4908 -0.53176E-01  0.15613E-02  0.85468E-01  0.84617E+01  0.41456E+02
   92    0.2999  3.5264 -0.54047E-01  0.15408E-02  0.85448E-01  0.84435E+01  0.41748E+02
   93    0.3036  3.5619 -0.54923E-01  0.15197E-02  0.85427E-01  0.84254E+01  0.42038E+02
   94    0.3074  3.5973 -0.55805E-01  0.14977E-02  0.85405E-01  0.84073E+01  0.42330E+02
   95    0.3112  3.6326 -0.56693E-01  0.14749E-02  0.85382E-01  0.83892E+01  0.42622E+02
   96    0.3150  3.6679 -0.57587E-01  0.14512E-02  0.85358E-01  0.83712E+01  0.42913E+02
   97    0.3188  3.7031 -0.58487E-01  0.14266E-02  0.85334E-01  0.83532E+01  0.43204E+02
   98    0.3226  3.7382 -0.59392E-01  0.14012E-02  0.85308E-01  0.83353E+01  0.43501E+02
   99    0.3264  3.7732 -0.60304E-01  0.13748E-02  0.85282E-01  0.83174E+01  0.43791E+02
  100    0.3302  3.8082 -0.61222E-01  0.13475E-02  0.85255E-01  0.82996E+01  0.44077E+02
  101    0.3340  3.8431 -0.62145E-01  0.13196E-02  0.85227E-01  0.82818E+01  0.44375E+02
  102    0.3379  3.8779 -0.63075E-01  0.12905E-02  0.85198E-01  0.82640E+01  0.44671E+02
  103    0.3417  3.9126 -0.64010E-01  0.12606E-02  0.85168E-01  0.82463E+01  0.44958E+02
  104    0.3456  3.9472 -0.64951E-01  0.12300E-02  0.85137E-01  0.82287E+01  0.45255E+02
  105    0.3495  3.9818 -0.65899E-01  0.11983E-02  0.85105E-01  0.82110E+01  0.45547E+02
  106    0.3534  4.0163 -0.66852E-01  0.11658E-02  0.85073E-01  0.81935E+01  0.45840E+02
  107    0.3573  4.0507 -0.67811E-01  0.11324E-02  0.85040E-01  0.81759E+01  0.46135E+02
  108    0.3612  4.0850 -0.68777E-01  0.10979E-02  0.85005E-01  0.81584E+01  0.46428E+02
  109    0.3651  4.1193 -0.69748E-01  0.10627E-02  0.84970E-01  0.81410E+01  0.46723E+02
  110    0.3691  4.1534 -0.70725E-01  0.10265E-02  0.84934E-01  0.81236E+01  0.47017E+02
  111    0.3730  4.1875 -0.71709E-01  0.98927E-03  0.84896E-01  0.81062E+01  0.47314E+02
  112    0.3770  4.2215 -0.72698E-01  0.95151E-03  0.84859E-01  0.80889E+01  0.47609E+02
  113    0.3810  4.2555 -0.73693E-01  0.91250E-03  0.84820E-01  0.80716E+01  0.47905E+02
  114    0.3850  4.2893 -0.74694E-01  0.87257E-03  0.84780E-01  0.80544E+01  0.48198E+02
  115    0.3889  4.3231 -0.75702E-01  0.83164E-03  0.84739E-01  0.80372E+01  0.48496E+02
  116    0.3930  4.3568 -0.76716E-01  0.78999E-03  0.84697E-01  0.80201E+01  0.48790E+02
  117    0.3970  4.3904 -0.77735E-01  0.74720E-03  0.84654E-01  0.80030E+01  0.49086E+02
  118    0.4010  4.4240 -0.78761E-01  0.70358E-03  0.84611E-01  0.79859E+01  0.49379E+02
  119    0.4050  4.4574 -0.79793E-01  0.65897E-03  0.84566E-01  0.79689E+01  0.49677E+02
  120    0.4091  4.4908 -0.80830E-01  0.61343E-03  0.84521E-01  0.79520E+01  0.49977E+02
  121    0.4132  4.5241 -0.81874E-01  0.56684E-03  0.84474E-01  0.79350E+01  0.50270E+02
  122    0.4172  4.5573 -0.82924E-01  0.51927E-03  0.84426E-01  0.79182E+01  0.50568E+02
  123    0.4213  4.5904 -0.83981E-01  0.47077E-03  0.84378E-01  0.79013E+01  0.50863E+02
  124    0.4254  4.6235 -0.85043E-01  0.42137E-03  0.84328E-01  0.78845E+01  0.51166E+02
  125    0.4295  4.6564 -0.86112E-01  0.37079E-03  0.84278E-01  0.78678E+01  0.51459E+02
  126    0.4337  4.6893 -0.87187E-01  0.31926E-03  0.84226E-01  0.78511E+01  0.51755E+02
  127    0.4378  4.7221 -0.88267E-01  0.26680E-03  0.84174E-01  0.78344E+01  0.52055E+02
  128    0.4420  4.7549 -0.89354E-01  0.21340E-03  0.84120E-01  0.78178E+01  0.52349E+02
  129    0.4461  4.7875 -0.90448E-01  0.15881E-03  0.84066E-01  0.78013E+01  0.52654E+02
  130    0.4503  4.8201 -0.91547E-01  0.10343E-03  0.84011E-01  0.77847E+01  0.52950E+02
  131    0.4545  4.8526 -0.92653E-01  0.46799E-04  0.83954E-01  0.77682E+01  0.53248E+02
  132    0.4587  4.8850 -0.93764E-01 -0.10639E-04  0.83896E-01  0.77518E+01  0.53541E+02
  133    0.4629  4.9173 -0.94883E-01 -0.69199E-04  0.83838E-01  0.77354E+01  0.53842E+02
  134    0.4671  4.9495 -0.96007E-01 -0.12880E-03  0.83778E-01  0.77191E+01  0.54141E+02
  135    0.4713  4.9817 -0.97138E-01 -0.18942E-03  0.83718E-01  0.77028E+01  0.54442E+02
  136    0.4756  5.0138 -0.98274E-01 -0.25111E-03  0.83656E-01  0.76865E+01  0.54739E+02
  137    0.4798  5.0458 -0.99417E-01 -0.31375E-03  0.83593E-01  0.76703E+01  0.55041E+02
  138    0.4841  5.0777 -0.10057E+00 -0.37756E-03  0.83530E-01  0.76541E+01  0.55333E+02
  139    0.4884  5.1095 -0.10172E+00 -0.44228E-03  0.83465E-01  0.76380E+01  0.55639E+02
  140    0.4927  5.1412 -0.10288E+00 -0.50792E-03  0.83399E-01  0.76219E+01  0.55934E+02
  141    0.4970  5.1729 -0.10405E+00 -0.57489E-03  0.83332E-01  0.76058E+01  0.56234E+02
  142    0.5013  5.2045 -0.10523E+00 -0.64265E-03  0.83264E-01  0.75898E+01  0.56529E+02
  143    0.5056  5.2360 -0.10641E+00 -0.71164E-03  0.83195E-01  0.75738E+01  0.56827E+02
  144    0.5100  5.2674 -0.10759E+00 -0.78168E-03  0.83125E-01  0.75579E+01  0.57127E+02
  145    0.5143  5.2987 -0.10879E+00 -0.85282E-03  0.83054E-01  0.75421E+01  0.57423E+02
  146    0.5187  5.3300 -0.10998E+00 -0.92493E-03  0.82982E-01  0.75262E+01  0.57726E+02
  147    0.5231  5.3612 -0.11119E+00 -0.99820E-03  0.82909E-01  0.75104E+01  0.58026E+02
  148    0.5275  5.3922 -0.11240E+00 -0.10725E-02  0.82835E-01  0.74947E+01  0.58320E+02
  149    0.5319  5.4233 -0.11362E+00 -0.11478E-02  0.82759E-01  0.74790E+01  0.58624E+02
  150    0.5363  5.4542 -0.11484E+00 -0.12244E-02  0.82683E-01  0.74633E+01  0.58923E+02
  151    0.5407  5.4850 -0.11608E+00 -0.13020E-02  0.82605E-01  0.74477E+01  0.59219E+02
  152    0.5452  5.5158 -0.11731E+00 -0.13806E-02  0.82526E-01  0.74321E+01  0.59517E+02
  153    0.5497  5.5464 -0.11856E+00 -0.14605E-02  0.82447E-01  0.74166E+01  0.59816E+02
  154    0.5541  5.5770 -0.11981E+00 -0.15412E-02  0.82366E-01  0.74011E+01  0.60112E+02
  155    0.5586  5.6075 -0.12106E+00 -0.16234E-02  0.82284E-01  0.73857E+01  0.60414E+02
  156    0.5631  5.6380 -0.12232E+00 -0.17063E-02  0.82201E-01  0.73703E+01  0.60708E+02
  157    0.5676  5.6683 -0.12359E+00 -0.17905E-02  0.82117E-01  0.73549E+01  0.61006E+02
  158    0.5721  5.6986 -0.12487E+00 -0.18761E-02  0.82031E-01  0.73396E+01  0.61303E+02
  159    0.5767  5.7287 -0.12615E+00 -0.19625E-02  0.81945E-01  0.73243E+01  0.61601E+02
  160    0.5812  5.7588 -0.12744E+00 -0.20503E-02  0.81857E-01  0.73091E+01  0.61898E+02
  161    0.5858  5.7888 -0.12873E+00 -0.21390E-02  0.81768E-01  0.72939E+01  0.62194E+02
  162    0.5904  5.8188 -0.13003E+00 -0.22290E-02  0.81678E-01  0.72788E+01  0.62492E+02
  163    0.5949  5.8486 -0.13134E+00 -0.23201E-02  0.81587E-01  0.72636E+01  0.62793E+02
  164    0.5995  5.8784 -0.13266E+00 -0.24124E-02  0.81495E-01  0.72486E+01  0.63087E+02
  165    0.6042  5.9080 -0.13398E+00 -0.25058E-02  0.81401E-01  0.72335E+01  0.63384E+02
  166    0.6088  5.9376 -0.13530E+00 -0.26005E-02  0.81307E-01  0.72186E+01  0.63680E+02
  167    0.6134  5.9671 -0.13664E+00 -0.26962E-02  0.81211E-01  0.72036E+01  0.63977E+02
  168    0.6181  5.9966 -0.13798E+00 -0.27932E-02  0.81114E-01  0.71887E+01  0.64273E+02
  169    0.6228  6.0259 -0.13932E+00 -0.28914E-02  0.81016E-01  0.71739E+01  0.64567E+02
  170    0.6274  6.0552 -0.14068E+00 -0.29907E-02  0.80916E-01  0.71591E+01  0.64864E+02
  171    0.6321  6.0843 -0.14203E+00 -0.30911E-02  0.80816E-01  0.71443E+01  0.65157E+02
  172    0.6368  6.1134 -0.14340E+00 -0.31927E-02  0.80714E-01  0.71296E+01  0.65451E+02
  173    0.6416  6.1424 -0.14477E+00 -0.32954E-02  0.80612E-01  0.71149E+01  0.65745E+02
  174    0.6463  6.1713 -0.14615E+00 -0.33992E-02  0.80508E-01  0.71003E+01  0.66041E+02
  175    0.6511  6.2002 -0.14753E+00 -0.35043E-02  0.80403E-01  0.70857E+01  0.66331E+02
  176    0.6558  6.2289 -0.14893E+00 -0.36106E-02  0.80297E-01  0.70711E+01  0.66631E+02
  177    0.6606  6.2576 -0.15032E+00 -0.37178E-02  0.80189E-01  0.70566E+01  0.66922E+02
  178    0.6654  6.2862 -0.15173E+00 -0.38264E-02  0.80081E-01  0.70421E+01  0.67216E+02
  179    0.6702  6.3147 -0.15314E+00 -0.39360E-02  0.79971E-01  0.70277E+01  0.67507E+02
  180    0.6750  6.3431 -0.15455E+00 -0.40471E-02  0.79860E-01  0.70133E+01  0.67798E+02
  181    0.6798  6.3715 -0.15598E+00 -0.41590E-02  0.79748E-01  0.69990E+01  0.68092E+02
  182    0.6847  6.3997 -0.15741E+00 -0.42724E-02  0.79635E-01  0.69847E+01  0.68381E+02
  183    0.6896  6.4279 -0.15885E+00 -0.43870E-02  0.79520E-01  0.69705E+01  0.68672E+02
  184    0.6944  6.4560 -0.16029E+00 -0.45031E-02  0.79404E-01  0.69562E+01  0.68959E+02
  185    0.6993  6.4840 -0.16174E+00 -0.46203E-02  0.79287E-01  0.69421E+01  0.69252E+02
  186    0.7042  6.5119 -0.16320E+00 -0.47388E-02  0.79168E-01  0.69279E+01  0.69542E+02
  187    0.7091  6.5398 -0.16466E+00 -0.48585E-02  0.79049E-01  0.69139E+01  0.69827E+02
  188    0.7141  6.5675 -0.16613E+00 -0.49795E-02  0.78928E-01  0.68998E+01  0.70117E+02
  189    0.7190  6.5952 -0.16761E+00 -0.51018E-02  0.78805E-01  0.68858E+01  0.70407E+02
  190    0.7240  6.6228 -0.16909E+00 -0.52252E-02  0.78682E-01  0.68718E+01  0.70695E+02
  191    0.7289  6.6503 -0.17058E+00 -0.53499E-02  0.78557E-01  0.68579E+01  0.70981E+02
  192    0.7339  6.6777 -0.17208E+00 -0.54760E-02  0.78431E-01  0.68440E+01  0.71269E+02
  193    0.7389  6.7051 -0.17358E+00 -0.56031E-02  0.78304E-01  0.68302E+01  0.71554E+02
  194    0.7440  6.7323 -0.17509E+00 -0.57315E-02  0.78176E-01  0.68164E+01  0.71842E+02
  195    0.7490  6.7595 -0.17661E+00 -0.58612E-02  0.78046E-01  0.68027E+01  0.72128E+02
  196    0.7540  6.7866 -0.17813E+00 -0.59920E-02  0.77915E-01  0.67889E+01  0.72413E+02
  197    0.7591  6.8136 -0.17966E+00 -0.61243E-02  0.77783E-01  0.67753E+01  0.72691E+02
  198    0.7642  6.8405 -0.18120E+00 -0.62575E-02  0.77650E-01  0.67617E+01  0.72976E+02
  199    0.7693  6.8674 -0.18274E+00 -0.63923E-02  0.77515E-01  0.67481E+01  0.73262E+02
  200    0.7744  6.8941 -0.18429E+00 -0.65281E-02  0.77379E-01  0.67345E+01  0.73545E+02
  201    0.7795  6.9208 -0.18584E+00 -0.66652E-02  0.77242E-01  0.67210E+01  0.73825E+02
  202    0.7846  6.9474 -0.18741E+00 -0.68038E-02  0.77103E-01  0.67076E+01  0.74104E+02
  203    0.7898  6.9739 -0.18897E+00 -0.69436E-02  0.76963E-01  0.66942E+01  0.74387E+02
  204    0.7949  7.0004 -0.19055E+00 -0.70846E-02  0.76822E-01  0.66808E+01  0.74667E+02
  205    0.8001  7.0267 -0.19213E+00 -0.72270E-02  0.76680E-01  0.66675E+01  0.74944E+02
  206    0.8053  7.0530 -0.19372E+00 -0.73708E-02  0.76536E-01  0.66542E+01  0.75228E+02
  207    0.8105  7.0792 -0.19532E+00 -0.75157E-02  0.76391E-01  0.66409E+01  0.75504E+02
  208    0.8157  7.1053 -0.19692E+00 -0.76619E-02  0.76245E-01  0.66277E+01  0.75781E+02
  209    0.8210  7.1313 -0.19853E+00 -0.78097E-02  0.76097E-01  0.66145E+01  0.76057E+02
  210    0.8262  7.1572 -0.20015E+00 -0.79584E-02  0.75949E-01  0.66014E+01  0.76333E+02
  211    0.8315  7.1831 -0.20177E+00 -0.81085E-02  0.75799E-01  0.65883E+01  0.76609E+02
  212    0.8368  7.2088 -0.20340E+00 -0.82601E-02  0.75647E-01  0.65753E+01  0.76885E+02
  213    0.8421  7.2345 -0.20503E+00 -0.84129E-02  0.75494E-01  0.65623E+01  0.77158E+02
  214    0.8474  7.2601 -0.20668E+00 -0.85670E-02  0.75340E-01  0.65493E+01  0.77428E+02
  215    0.8527  7.2857 -0.20832E+00 -0.87223E-02  0.75185E-01  0.65364E+01  0.77702E+02
  216    0.8581  7.3111 -0.20998E+00 -0.88791E-02  0.75028E-01  0.65235E+01  0.77976E+02
  217    0.8634  7.3365 -0.21164E+00 -0.90372E-02  0.74870E-01  0.65106E+01  0.78248E+02
  218    0.8688  7.3618 -0.21331E+00 -0.91969E-02  0.74710E-01  0.64978E+01  0.78517E+02
  219    0.8742  7.3870 -0.21499E+00 -0.93576E-02  0.74550E-01  0.64851E+01  0.78785E+02
  220    0.8796  7.4121 -0.21667E+00 -0.95198E-02  0.74387E-01  0.64723E+01  0.79055E+02
  221    0.8850  7.4371 -0.21836E+00 -0.96834E-02  0.74224E-01  0.64596E+01  0.79322E+02
  222    0.8905  7.4621 -0.22006E+00 -0.98480E-02  0.74059E-01  0.64470E+01  0.79590E+02
  223    0.8959  7.4869 -0.22176E+00 -0.10014E-01  0.73893E-01  0.64344E+01  0.79856E+02
  224    0.9014  7.5117 -0.22347E+00 -0.10182E-01  0.73725E-01  0.64218E+01  0.80121E+02
  225    0.9069  7.5365 -0.22518E+00 -0.10351E-01  0.73557E-01  0.64093E+01  0.80386E+02
  226    0.9124  7.5611 -0.22691E+00 -0.10521E-01  0.73386E-01  0.63969E+01  0.80647E+02
  227    0.9179  7.5856 -0.22864E+00 -0.10692E-01  0.73215E-01  0.63844E+01  0.80909E+02
  228    0.9234  7.6101 -0.23037E+00 -0.10865E-01  0.73042E-01  0.63720E+01  0.81170E+02
  229    0.9290  7.6345 -0.23212E+00 -0.11040E-01  0.72867E-01  0.63597E+01  0.81432E+02
  230    0.9346  7.6588 -0.23387E+00 -0.11215E-01  0.72692E-01  0.63474E+01  0.81691E+02
  231    0.9401  7.6830 -0.23563E+00 -0.11392E-01  0.72515E-01  0.63351E+01  0.81951E+02
  232    0.9457  7.7072 -0.23739E+00 -0.11571E-01  0.72336E-01  0.63229E+01  0.82206E+02
  233    0.9513  7.7313 -0.23916E+00 -0.11751E-01  0.72156E-01  0.63107E+01  0.82463E+02
  234    0.9570  7.7553 -0.24094E+00 -0.11932E-01  0.71975E-01  0.62985E+01  0.82724E+02
  235    0.9626  7.7792 -0.24272E+00 -0.12114E-01  0.71793E-01  0.62864E+01  0.82978E+02
  236    0.9683  7.8030 -0.24451E+00 -0.12298E-01  0.71609E-01  0.62743E+01  0.83232E+02
  237    0.9740  7.8268 -0.24631E+00 -0.12484E-01  0.71423E-01  0.62623E+01  0.83480E+02
  238    0.9797  7.8504 -0.24811E+00 -0.12671E-01  0.71236E-01  0.62503E+01  0.83738E+02
  239    0.9854  7.8740 -0.24993E+00 -0.12859E-01  0.71048E-01  0.62383E+01  0.83987E+02
  240    0.9911  7.8975 -0.25174E+00 -0.13049E-01  0.70858E-01  0.62264E+01  0.84237E+02
  241    0.9968  7.9210 -0.25357E+00 -0.13240E-01  0.70667E-01  0.62145E+01  0.84485E+02
  242    1.0026  7.9443 -0.25540E+00 -0.13432E-01  0.70475E-01  0.62027E+01  0.84731E+02
  243    1.0084  7.9676 -0.25724E+00 -0.13626E-01  0.70281E-01  0.61909E+01  0.84978E+02
  244    1.0142  7.9908 -0.25909E+00 -0.13822E-01  0.70085E-01  0.61792E+01  0.85222E+02
  245    1.0200  8.0139 -0.26094E+00 -0.14019E-01  0.69888E-01  0.61674E+01  0.85467E+02
  246    1.0258  8.0369 -0.26280E+00 -0.14217E-01  0.69690E-01  0.61558E+01  0.85708E+02
  247    1.0317  8.0599 -0.26467E+00 -0.14417E-01  0.69490E-01  0.61441E+01  0.85950E+02
  248    1.0375  8.0828 -0.26654E+00 -0.14619E-01  0.69289E-01  0.61325E+01  0.86192E+02
  249    1.0434  8.1056 -0.26842E+00 -0.14821E-01  0.69086E-01  0.61210E+01  0.86431E+02
  250    1.0493  8.1283 -0.27031E+00 -0.15025E-01  0.68882E-01  0.61095E+01  0.86671E+02
  251    1.0552  8.1510 -0.27220E+00 -0.15231E-01  0.68676E-01  0.60980E+01  0.86905E+02
  252    1.0611  8.1735 -0.27410E+00 -0.15438E-01  0.68469E-01  0.60866E+01  0.87141E+02
  253    1.0671  8.1960 -0.27601E+00 -0.15647E-01  0.68260E-01  0.60752E+01  0.87377E+02
  254    1.0731  8.2184 -0.27793E+00 -0.15857E-01  0.68050E-01  0.60638E+01  0.87609E+02
  255    1.0790  8.2408 -0.27985E+00 -0.16068E-01  0.67839E-01  0.60525E+01  0.87840E+02
  256    1.0850  8.2630 -0.28178E+00 -0.16281E-01  0.67626E-01  0.60412E+01  0.88072E+02
  257    1.0910  8.2852 -0.28372E+00 -0.16495E-01  0.67412E-01  0.60300E+01  0.88298E+02
  258    1.0971  8.3073 -0.28566E+00 -0.16711E-01  0.67196E-01  0.60188E+01  0.88526E+02
  259    1.1031  8.3294 -0.28761E+00 -0.16928E-01  0.66979E-01  0.60077E+01  0.88753E+02
  260    1.1092  8.3513 -0.28956E+00 -0.17147E-01  0.66760E-01  0.59965E+01  0.88978E+02
  261    1.1153  8.3732 -0.29153E+00 -0.17367E-01  0.66540E-01  0.59855E+01  0.89201E+02
  262    1.1214  8.3950 -0.29350E+00 -0.17589E-01  0.66318E-01  0.59744E+01  0.89425E+02
  263    1.1275  8.4167 -0.29547E+00 -0.17812E-01  0.66095E-01  0.59634E+01  0.89645E+02
  264    1.1336  8.4384 -0.29746E+00 -0.18036E-01  0.65871E-01  0.59525E+01  0.89868E+02
  265    1.1398  8.4599 -0.29945E+00 -0.18263E-01  0.65644E-01  0.59415E+01  0.90084E+02
  266    1.1460  8.4814 -0.30145E+00 -0.18490E-01  0.65417E-01  0.59306E+01  0.90301E+02
  267    1.1522  8.5028 -0.30345E+00 -0.18720E-01  0.65187E-01  0.59198E+01  0.90515E+02
  268    1.1584  8.5242 -0.30547E+00 -0.18950E-01  0.64957E-01  0.59090E+01  0.90732E+02
  269    1.1646  8.5454 -0.30749E+00 -0.19183E-01  0.64724E-01  0.58982E+01  0.90947E+02
  270    1.1709  8.5666 -0.30951E+00 -0.19417E-01  0.64490E-01  0.58875E+01  0.91157E+02
  271    1.1771  8.5878 -0.31155E+00 -0.19652E-01  0.64255E-01  0.58768E+01  0.91369E+02
  272    1.1834  8.6088 -0.31359E+00 -0.19889E-01  0.64018E-01  0.58662E+01  0.91576E+02
  273    1.1897  8.6298 -0.31563E+00 -0.20127E-01  0.63780E-01  0.58556E+01  0.91783E+02
  274    1.1960  8.6507 -0.31769E+00 -0.20367E-01  0.63540E-01  0.58450E+01  0.91989E+02
  275    1.2023  8.6715 -0.31975E+00 -0.20608E-01  0.63299E-01  0.58345E+01  0.92192E+02
  276    1.2087  8.6922 -0.32181E+00 -0.20850E-01  0.63057E-01  0.58240E+01  0.92398E+02
  277    1.2151  8.7129 -0.32389E+00 -0.21095E-01  0.62813E-01  0.58135E+01  0.92596E+02
  278    1.2215  8.7335 -0.32597E+00 -0.21340E-01  0.62567E-01  0.58031E+01  0.92794E+02
  279    1.2279  8.7540 -0.32806E+00 -0.21587E-01  0.62320E-01  0.57927E+01  0.92991E+02
  280    1.2343  8.7745 -0.33015E+00 -0.21836E-01  0.62071E-01  0.57823E+01  0.93191E+02
  281    1.2408  8.7948 -0.33225E+00 -0.22086E-01  0.61821E-01  0.57720E+01  0.93386E+02
  282    1.2472  8.8151 -0.33436E+00 -0.22338E-01  0.61569E-01  0.57618E+01  0.93578E+02
  283    1.2537  8.8354 -0.33648E+00 -0.22591E-01  0.61316E-01  0.57515E+01  0.93772E+02
  284    1.2602  8.8555 -0.33860E+00 -0.22846E-01  0.61061E-01  0.57413E+01  0.93961E+02
  285    1.2667  8.8756 -0.34073E+00 -0.23102E-01  0.60805E-01  0.57312E+01  0.94148E+02
  286    1.2733  8.8956 -0.34287E+00 -0.23360E-01  0.60547E-01  0.57211E+01  0.94336E+02
  287    1.2798  8.9155 -0.34501E+00 -0.23619E-01  0.60288E-01  0.57110E+01  0.94522E+02
  288    1.2864  8.9354 -0.34716E+00 -0.23880E-01  0.60027E-01  0.57010E+01  0.94704E+02
  289    1.2930  8.9552 -0.34932E+00 -0.24142E-01  0.59765E-01  0.56910E+01  0.94887E+02
  290    1.2996  8.9749 -0.35148E+00 -0.24405E-01  0.59502E-01  0.56810E+01  0.95068E+02
  291    1.3062  8.9946 -0.35365E+00 -0.24671E-01  0.59236E-01  0.56711E+01  0.95246E+02
  292    1.3129  9.0141 -0.35583E+00 -0.24938E-01  0.58969E-01  0.56612E+01  0.95425E+02
  293    1.3196  9.0336 -0.35801E+00 -0.25206E-01  0.58701E-01  0.56514E+01  0.95600E+02
  294    1.3263  9.0531 -0.36020E+00 -0.25476E-01  0.58431E-01  0.56415E+01  0.95774E+02
  295    1.3330  9.0724 -0.36240E+00 -0.25747E-01  0.58160E-01  0.56318E+01  0.95951E+02
  296    1.3397  9.0917 -0.36461E+00 -0.26020E-01  0.57887E-01  0.56220E+01  0.96120E+02
  297    1.3465  9.1109 -0.36682E+00 -0.26294E-01  0.57613E-01  0.56124E+01  0.96291E+02
  298    1.3532  9.1301 -0.36904E+00 -0.26570E-01  0.57337E-01  0.56027E+01  0.96461E+02
  299    1.3600  9.1492 -0.37127E+00 -0.26848E-01  0.57059E-01  0.55931E+01  0.96627E+02
  300    1.3668  9.1682 -0.37350E+00 -0.27128E-01  0.56779E-01  0.55835E+01  0.96793E+02
  301    1.3737  9.1871 -0.37574E+00 -0.27409E-01  0.56498E-01  0.55739E+01  0.96957E+02
  302    1.3805  9.2060 -0.37799E+00 -0.27691E-01  0.56216E-01  0.55644E+01  0.97113E+02
  303    1.3874  9.2248 -0.38024E+00 -0.27976E-01  0.55931E-01  0.55549E+01  0.97269E+02
  304    1.3943  9.2435 -0.38250E+00 -0.28262E-01  0.55646E-01  0.55455E+01  0.97428E+02
  305    1.4012  9.2622 -0.38477E+00 -0.28549E-01  0.55358E-01  0.55361E+01  0.97585E+02
  306    1.4081  9.2807 -0.38705E+00 -0.28838E-01  0.55069E-01  0.55267E+01  0.97736E+02
  307    1.4151  9.2993 -0.38933E+00 -0.29128E-01  0.54779E-01  0.55174E+01  0.97888E+02
  308    1.4220  9.3177 -0.39162E+00 -0.29420E-01  0.54487E-01  0.55081E+01  0.98040E+02
  309    1.4290  9.3361 -0.39392E+00 -0.29714E-01  0.54194E-01  0.54989E+01  0.98191E+02
  310    1.4360  9.3544 -0.39622E+00 -0.30009E-01  0.53898E-01  0.54897E+01  0.98339E+02
  311    1.4430  9.3727 -0.39853E+00 -0.30306E-01  0.53601E-01  0.54805E+01  0.98484E+02
  312    1.4501  9.3908 -0.40085E+00 -0.30604E-01  0.53303E-01  0.54713E+01  0.98630E+02
  313    1.4572  9.4089 -0.40317E+00 -0.30904E-01  0.53003E-01  0.54622E+01  0.98774E+02
  314    1.4643  9.4270 -0.40550E+00 -0.31206E-01  0.52701E-01  0.54532E+01  0.98916E+02
  315    1.4714  9.4450 -0.40784E+00 -0.31510E-01  0.52398E-01  0.54441E+01  0.99054E+02
  316    1.4785  9.4629 -0.41019E+00 -0.31814E-01  0.52093E-01  0.54352E+01  0.99193E+02
  317    1.4856  9.4807 -0.41254E+00 -0.32121E-01  0.51786E-01  0.54262E+01  0.99331E+02
  318    1.4928  9.4985 -0.41490E+00 -0.32429E-01  0.51478E-01  0.54173E+01  0.99463E+02
  319    1.5000  9.5162 -0.41727E+00 -0.32739E-01  0.51168E-01  0.54084E+01  0.99598E+02
  320    1.5072  9.5338 -0.41964E+00 -0.33050E-01  0.50857E-01  0.53996E+01  0.99730E+02
  321    1.5145  9.5514 -0.42202E+00 -0.33363E-01  0.50544E-01  0.53908E+01  0.99858E+02
  322    1.5217  9.5689 -0.42441E+00 -0.33678E-01  0.50229E-01  0.53820E+01  0.99985E+02
  323    1.5290  9.5863 -0.42681E+00 -0.33994E-01  0.49913E-01  0.53733E+01  0.10011E+03
  324    1.5363  9.6037 -0.42921E+00 -0.34312E-01  0.49595E-01  0.53646E+01  0.10024E+03
  325    1.5436  9.6210 -0.43162E+00 -0.34632E-01  0.49275E-01  0.53559E+01  0.10036E+03
  326    1.5509  9.6382 -0.43404E+00 -0.34954E-01  0.48953E-01  0.53473E+01  0.10047E+03
  327    1.5583  9.6554 -0.43646E+00 -0.35277E-01  0.48630E-01  0.53387E+01  0.10059E+03
  328    1.5657  9.6725 -0.43890E+00 -0.35603E-01  0.48304E-01  0.53302E+01  0.10071E+03
  329    1.5731  9.6895 -0.44134E+00 -0.35930E-01  0.47977E-01  0.53216E+01  0.10082E+03
  330    1.5805  9.7065 -0.44378E+00 -0.36258E-01  0.47649E-01  0.53131E+01  0.10093E+03
  331    1.5880  9.7234 -0.44623E+00 -0.36588E-01  0.47319E-01  0.53047E+01  0.10104E+03
  332    1.5954  9.7403 -0.44869E+00 -0.36919E-01  0.46988E-01  0.52963E+01  0.10115E+03
  333    1.6029  9.7571 -0.45116E+00 -0.37252E-01  0.46656E-01  0.52879E+01  0.10126E+03
  334    1.6104  9.7738 -0.45363E+00 -0.37585E-01  0.46322E-01  0.52796E+01  0.10136E+03
  335    1.6179  9.7904 -0.45611E+00 -0.37921E-01  0.45986E-01  0.52713E+01  0.10146E+03
  336    1.6255  9.8070 -0.45859E+00 -0.38259E-01  0.45649E-01  0.52630E+01  0.10156E+03
  337    1.6331  9.8235 -0.46109E+00 -0.38598E-01  0.45309E-01  0.52548E+01  0.10166E+03
  338    1.6407  9.8400 -0.46359E+00 -0.38940E-01  0.44967E-01  0.52467E+01  0.10176E+03
  339    1.6483  9.8564 -0.46610E+00 -0.39283E-01  0.44624E-01  0.52385E+01  0.10185E+03
  340    1.6559  9.8727 -0.46862E+00 -0.39628E-01  0.44279E-01  0.52304E+01  0.10194E+03
  341    1.6636  9.8890 -0.47114E+00 -0.39974E-01  0.43933E-01  0.52224E+01  0.10203E+03
  342    1.6713  9.9052 -0.47367E+00 -0.40323E-01  0.43584E-01  0.52143E+01  0.10212E+03
  343    1.6790  9.9214 -0.47621E+00 -0.40673E-01  0.43235E-01  0.52063E+01  0.10221E+03
  344    1.6867  9.9375 -0.47876E+00 -0.41024E-01  0.42883E-01  0.51984E+01  0.10229E+03
  345    1.6945  9.9535 -0.48131E+00 -0.41378E-01  0.42529E-01  0.51905E+01  0.10237E+03
  346    1.7022  9.9694 -0.48387E+00 -0.41733E-01  0.42175E-01  0.51826E+01  0.10245E+03
  347    1.7100  9.9853 -0.48644E+00 -0.42089E-01  0.41818E-01  0.51747E+01  0.10253E+03
  348    1.7179 10.0012 -0.48901E+00 -0.42448E-01  0.41459E-01  0.51669E+01  0.10261E+03
  349    1.7257 10.0170 -0.49159E+00 -0.42808E-01  0.41099E-01  0.51591E+01  0.10268E+03
  350    1.7336 10.0327 -0.49418E+00 -0.43170E-01  0.40737E-01  0.51514E+01  0.10275E+03
  351    1.7415 10.0483 -0.49678E+00 -0.43534E-01  0.40374E-01  0.51437E+01  0.10281E+03
  352    1.7494 10.0639 -0.49938E+00 -0.43899E-01  0.40008E-01  0.51360E+01  0.10289E+03
  353    1.7573 10.0795 -0.50199E+00 -0.44265E-01  0.39642E-01  0.51284E+01  0.10295E+03
  354    1.7653 10.0949 -0.50460E+00 -0.44634E-01  0.39273E-01  0.51208E+01  0.10301E+03
  355    1.7732 10.1103 -0.50723E+00 -0.45004E-01  0.38903E-01  0.51132E+01  0.10307E+03
  356    1.7812 10.1257 -0.50986E+00 -0.45376E-01  0.38531E-01  0.51057E+01  0.10314E+03
  357    1.7893 10.1410 -0.51249E+00 -0.45749E-01  0.38158E-01  0.50982E+01  0.10319E+03
  358    1.7973 10.1562 -0.51514E+00 -0.46125E-01  0.37782E-01  0.50907E+01  0.10325E+03
  359    1.8054 10.1714 -0.51779E+00 -0.46502E-01  0.37405E-01  0.50833E+01  0.10331E+03
  360    1.8135 10.1865 -0.52045E+00 -0.46881E-01  0.37026E-01  0.50759E+01  0.10336E+03
  361    1.8216 10.2015 -0.52312E+00 -0.47261E-01  0.36646E-01  0.50685E+01  0.10341E+03
  362    1.8297 10.2165 -0.52579E+00 -0.47644E-01  0.36263E-01  0.50612E+01  0.10346E+03
  363    1.8379 10.2315 -0.52847E+00 -0.48028E-01  0.35879E-01  0.50539E+01  0.10350E+03
  364    1.8461 10.2463 -0.53116E+00 -0.48413E-01  0.35494E-01  0.50467E+01  0.10354E+03
  365    1.8543 10.2612 -0.53385E+00 -0.48801E-01  0.35106E-01  0.50395E+01  0.10358E+03
  366    1.8625 10.2759 -0.53655E+00 -0.49190E-01  0.34717E-01  0.50323E+01  0.10362E+03
  367    1.8708 10.2906 -0.53926E+00 -0.49581E-01  0.34326E-01  0.50251E+01  0.10366E+03
  368    1.8791 10.3053 -0.54198E+00 -0.49974E-01  0.33933E-01  0.50180E+01  0.10369E+03
  369    1.8874 10.3198 -0.54470E+00 -0.50368E-01  0.33539E-01  0.50109E+01  0.10373E+03
  370    1.8957 10.3344 -0.54743E+00 -0.50764E-01  0.33143E-01  0.50039E+01  0.10376E+03
  371    1.9041 10.3488 -0.55016E+00 -0.51162E-01  0.32745E-01  0.49969E+01  0.10379E+03
  372    1.9124 10.3633 -0.55291E+00 -0.51561E-01  0.32346E-01  0.49899E+01  0.10382E+03
  373    1.9208 10.3776 -0.55566E+00 -0.51963E-01  0.31945E-01  0.49830E+01  0.10384E+03
  374    1.9293 10.3919 -0.55842E+00 -0.52366E-01  0.31541E-01  0.49760E+01  0.10387E+03
  375    1.9377 10.4062 -0.56118E+00 -0.52770E-01  0.31137E-01  0.49692E+01  0.10389E+03
  376    1.9462 10.4203 -0.56396E+00 -0.53177E-01  0.30730E-01  0.49623E+01  0.10391E+03
  377    1.9547 10.4345 -0.56674E+00 -0.53586E-01  0.30321E-01  0.49555E+01  0.10392E+03
  378    1.9632 10.4485 -0.56952E+00 -0.53996E-01  0.29911E-01  0.49488E+01  0.10394E+03
  379    1.9718 10.4626 -0.57232E+00 -0.54407E-01  0.29500E-01  0.49420E+01  0.10396E+03
  380    1.9804 10.4765 -0.57512E+00 -0.54821E-01  0.29086E-01  0.49353E+01  0.10397E+03
  381    1.9890 10.4904 -0.57793E+00 -0.55236E-01  0.28671E-01  0.49287E+01  0.10398E+03
  382    1.9976 10.5043 -0.58074E+00 -0.55654E-01  0.28253E-01  0.49221E+01  0.10399E+03
  383    2.0062 10.5181 -0.58357E+00 -0.56073E-01  0.27834E-01  0.49155E+01  0.10399E+03
  384    2.0149 10.5318 -0.58640E+00 -0.56494E-01  0.27413E-01  0.49089E+01  0.10400E+03
  385    2.0236 10.5455 -0.58923E+00 -0.56916E-01  0.26991E-01  0.49024E+01  0.10400E+03
  386    2.0323 10.5591 -0.59208E+00 -0.57341E-01  0.26566E-01  0.48959E+01  0.10400E+03
  387    2.0411 10.5727 -0.59493E+00 -0.57768E-01  0.26139E-01  0.48894E+01  0.10399E+03
  388    2.0498 10.5862 -0.59779E+00 -0.58196E-01  0.25711E-01  0.48830E+01  0.10399E+03
  389    2.0586 10.5997 -0.60066E+00 -0.58626E-01  0.25281E-01  0.48766E+01  0.10398E+03
  390    2.0675 10.6131 -0.60353E+00 -0.59058E-01  0.24849E-01  0.48703E+01  0.10398E+03
  391    2.0763 10.6265 -0.60641E+00 -0.59491E-01  0.24416E-01  0.48640E+01  0.10396E+03
  392    2.0852 10.6398 -0.60930E+00 -0.59927E-01  0.23980E-01  0.48577E+01  0.10395E+03
  393    2.0941 10.6530 -0.61220E+00 -0.60364E-01  0.23543E-01  0.48514E+01  0.10394E+03
  394    2.1030 10.6662 -0.61510E+00 -0.60803E-01  0.23104E-01  0.48452E+01  0.10392E+03
  395    2.1120 10.6794 -0.61801E+00 -0.61244E-01  0.22663E-01  0.48390E+01  0.10390E+03
  396    2.1210 10.6925 -0.62093E+00 -0.61688E-01  0.22219E-01  0.48328E+01  0.10388E+03
  397    2.1300 10.7055 -0.62386E+00 -0.62133E-01  0.21775E-01  0.48267E+01  0.10386E+03
  398    2.1390 10.7185 -0.62679E+00 -0.62580E-01  0.21327E-01  0.48206E+01  0.10384E+03
  399    2.1480 10.7314 -0.62973E+00 -0.63028E-01  0.20879E-01  0.48146E+01  0.10382E+03
  400    2.1571 10.7443 -0.63268E+00 -0.63478E-01  0.20429E-01  0.48086E+01  0.10378E+03
  401    2.1662 10.7572 -0.63563E+00 -0.63931E-01  0.19977E-01  0.48026E+01  0.10375E+03
  402    2.1754 10.7699 -0.63859E+00 -0.64384E-01  0.19523E-01  0.47967E+01  0.10372E+03
  403    2.1845 10.7827 -0.64156E+00 -0.64840E-01  0.19067E-01  0.47908E+01  0.10369E+03
  404    2.1937 10.7953 -0.64454E+00 -0.65298E-01  0.18609E-01  0.47849E+01  0.10365E+03
  405    2.2029 10.8080 -0.64752E+00 -0.65758E-01  0.18149E-01  0.47791E+01  0.10361E+03
  406    2.2122 10.8205 -0.65051E+00 -0.66219E-01  0.17688E-01  0.47732E+01  0.10357E+03
  407    2.2215 10.8331 -0.65351E+00 -0.66683E-01  0.17224E-01  0.47675E+01  0.10353E+03
  408    2.2307 10.8455 -0.65652E+00 -0.67148E-01  0.16759E-01  0.47617E+01  0.10348E+03
  409    2.2401 10.8580 -0.65953E+00 -0.67615E-01  0.16292E-01  0.47560E+01  0.10344E+03
  410    2.2494 10.8703 -0.66255E+00 -0.68084E-01  0.15823E-01  0.47503E+01  0.10339E+03
  411    2.2588 10.8827 -0.66558E+00 -0.68554E-01  0.15353E-01  0.47447E+01  0.10334E+03
  412    2.2682 10.8949 -0.66861E+00 -0.69027E-01  0.14880E-01  0.47391E+01  0.10329E+03
  413    2.2776 10.9072 -0.67165E+00 -0.69501E-01  0.14406E-01  0.47335E+01  0.10324E+03
  414    2.2871 10.9193 -0.67470E+00 -0.69977E-01  0.13930E-01  0.47279E+01  0.10318E+03
  415    2.2966 10.9315 -0.67776E+00 -0.70455E-01  0.13452E-01  0.47224E+01  0.10312E+03
  416    2.3061 10.9435 -0.68082E+00 -0.70936E-01  0.12972E-01  0.47169E+01  0.10306E+03
  417    2.3156 10.9556 -0.68389E+00 -0.71417E-01  0.12490E-01  0.47115E+01  0.10300E+03
  418    2.3252 10.9675 -0.68697E+00 -0.71901E-01  0.12006E-01  0.47060E+01  0.10293E+03
  419    2.3348 10.9795 -0.69006E+00 -0.72387E-01  0.11520E-01  0.47007E+01  0.10287E+03
  420    2.3444 10.9913 -0.69315E+00 -0.72875E-01  0.11032E-01  0.46953E+01  0.10280E+03
  421    2.3540 11.0032 -0.69625E+00 -0.73365E-01  0.10543E-01  0.46900E+01  0.10273E+03
  422    2.3637 11.0150 -0.69936E+00 -0.73856E-01  0.10051E-01  0.46847E+01  0.10265E+03
  423    2.3734 11.0267 -0.70247E+00 -0.74349E-01  0.95581E-02  0.46794E+01  0.10258E+03
  424    2.3832 11.0384 -0.70559E+00 -0.74844E-01  0.90631E-02  0.46742E+01  0.10250E+03
  425    2.3929 11.0500 -0.70872E+00 -0.75341E-01  0.85660E-02  0.46690E+01  0.10243E+03
  426    2.4027 11.0616 -0.71186E+00 -0.75840E-01  0.80669E-02  0.46638E+01  0.10235E+03
  427    2.4125 11.0732 -0.71500E+00 -0.76341E-01  0.75657E-02  0.46587E+01  0.10227E+03
  428    2.4224 11.0847 -0.71816E+00 -0.76845E-01  0.70624E-02  0.46536E+01  0.10218E+03
  429    2.4323 11.0961 -0.72132E+00 -0.77350E-01  0.65571E-02  0.46485E+01  0.10210E+03
  430    2.4422 11.1075 -0.72448E+00 -0.77857E-01  0.60499E-02  0.46435E+01  0.10201E+03
  431    2.4521 11.1189 -0.72766E+00 -0.78366E-01  0.55409E-02  0.46384E+01  0.10192E+03
  432    2.4620 11.1302 -0.73084E+00 -0.78877E-01  0.50300E-02  0.46335E+01  0.10183E+03
  433    2.4720 11.1414 -0.73403E+00 -0.79390E-01  0.45168E-02  0.46285E+01  0.10173E+03
  434    2.4821 11.1527 -0.73723E+00 -0.79905E-01  0.40019E-02  0.46236E+01  0.10164E+03
  435    2.4921 11.1638 -0.74043E+00 -0.80422E-01  0.34846E-02  0.46187E+01  0.10154E+03
  436    2.5022 11.1750 -0.74364E+00 -0.80942E-01  0.29655E-02  0.46139E+01  0.10144E+03
  437    2.5123 11.1860 -0.74686E+00 -0.81463E-01  0.24446E-02  0.46090E+01  0.10134E+03
  438    2.5224 11.1971 -0.75009E+00 -0.81985E-01  0.19221E-02  0.46042E+01  0.10124E+03
  439    2.5326 11.2081 -0.75332E+00 -0.82509E-01  0.13977E-02  0.45995E+01  0.10113E+03
  440    2.5428 11.2190 -0.75656E+00 -0.83036E-01  0.87101E-03  0.45947E+01  0.10103E+03
  441    2.5530 11.2299 -0.75981E+00 -0.83565E-01  0.34238E-03  0.45901E+01  0.10092E+03
  442    2.5632 11.2408 -0.76307E+00 -0.84095E-01 -0.18820E-03  0.45854E+01  0.10081E+03
  443    2.5735 11.2516 -0.76633E+00 -0.84628E-01 -0.72094E-03  0.45807E+01  0.10070E+03
  444    2.5838 11.2624 -0.76960E+00 -0.85163E-01 -0.12559E-02  0.45761E+01  0.10059E+03
  445    2.5942 11.2731 -0.77288E+00 -0.85700E-01 -0.17925E-02  0.45715E+01  0.10047E+03
  446    2.6045 11.2838 -0.77617E+00 -0.86238E-01 -0.23313E-02  0.45670E+01  0.10035E+03
  447    2.6149 11.2944 -0.77946E+00 -0.86779E-01 -0.28721E-02  0.45625E+01  0.10024E+03
  448    2.6254 11.3050 -0.78276E+00 -0.87322E-01 -0.34145E-02  0.45580E+01  0.10011E+03
  449    2.6358 11.3155 -0.78607E+00 -0.87866E-01 -0.39590E-02  0.45535E+01  0.99993E+02
  450    2.6463 11.3260 -0.78938E+00 -0.88412E-01 -0.45054E-02  0.45491E+01  0.99863E+02
  451    2.6568 11.3365 -0.79271E+00 -0.88961E-01 -0.50542E-02  0.45447E+01  0.99742E+02
  452    2.6674 11.3469 -0.79604E+00 -0.89512E-01 -0.56049E-02  0.45403E+01  0.99614E+02
  453    2.6780 11.3573 -0.79938E+00 -0.90065E-01 -0.61576E-02  0.45360E+01  0.99481E+02
  454    2.6886 11.3676 -0.80272E+00 -0.90619E-01 -0.67124E-02  0.45317E+01  0.99351E+02
  455    2.6992 11.3779 -0.80607E+00 -0.91176E-01 -0.72688E-02  0.45274E+01  0.99219E+02
  456    2.7099 11.3881 -0.80943E+00 -0.91734E-01 -0.78274E-02  0.45231E+01  0.99083E+02
  457    2.7206 11.3983 -0.81280E+00 -0.92295E-01 -0.83877E-02  0.45189E+01  0.98945E+02
  458    2.7313 11.4085 -0.81617E+00 -0.92857E-01 -0.89504E-02  0.45147E+01  0.98814E+02
  459    2.7421 11.4186 -0.81956E+00 -0.93422E-01 -0.95152E-02  0.45105E+01  0.98669E+02
  460    2.7529 11.4287 -0.82295E+00 -0.93989E-01 -0.10082E-01  0.45064E+01  0.98528E+02
  461    2.7637 11.4387 -0.82635E+00 -0.94559E-01 -0.10651E-01  0.45023E+01  0.98386E+02
  462    2.7746 11.4487 -0.82975E+00 -0.95130E-01 -0.11223E-01  0.44982E+01  0.98240E+02
  463    2.7855 11.4587 -0.83317E+00 -0.95703E-01 -0.11796E-01  0.44941E+01  0.98098E+02
  464    2.7964 11.4686 -0.83659E+00 -0.96278E-01 -0.12371E-01  0.44901E+01  0.97952E+02
  465    2.8074 11.4785 -0.84002E+00 -0.96855E-01 -0.12948E-01  0.44861E+01  0.97802E+02
  466    2.8183 11.4883 -0.84345E+00 -0.97434E-01 -0.13527E-01  0.44821E+01  0.97651E+02
  467    2.8294 11.4981 -0.84689E+00 -0.98016E-01 -0.14108E-01  0.44782E+01  0.97492E+02
  468    2.8404 11.5078 -0.85034E+00 -0.98599E-01 -0.14692E-01  0.44743E+01  0.97337E+02
  469    2.8515 11.5175 -0.85380E+00 -0.99184E-01 -0.15277E-01  0.44704E+01  0.97180E+02
  470    2.8626 11.5272 -0.85727E+00 -0.99772E-01 -0.15865E-01  0.44665E+01  0.97019E+02
  471    2.8737 11.5368 -0.86074E+00 -0.10036E+00 -0.16455E-01  0.44627E+01  0.96857E+02
  472    2.8849 11.5464 -0.86422E+00 -0.10095E+00 -0.17046E-01  0.44589E+01  0.96700E+02
  473    2.8961 11.5560 -0.86771E+00 -0.10155E+00 -0.17640E-01  0.44551E+01  0.96537E+02
  474    2.9074 11.5655 -0.87121E+00 -0.10214E+00 -0.18236E-01  0.44513E+01  0.96367E+02
  475    2.9187 11.5749 -0.87471E+00 -0.10274E+00 -0.18835E-01  0.44476E+01  0.96205E+02
  476    2.9300 11.5844 -0.87823E+00 -0.10334E+00 -0.19436E-01  0.44439E+01  0.96035E+02
  477    2.9413 11.5938 -0.88175E+00 -0.10395E+00 -0.20039E-01  0.44402E+01  0.95864E+02
  478    2.9527 11.6031 -0.88527E+00 -0.10455E+00 -0.20643E-01  0.44366E+01  0.95696E+02
  479    2.9641 11.6124 -0.88881E+00 -0.10516E+00 -0.21250E-01  0.44330E+01  0.95525E+02
  480    2.9755 11.6217 -0.89235E+00 -0.10577E+00 -0.21858E-01  0.44294E+01  0.95349E+02
  481    2.9870 11.6309 -0.89590E+00 -0.10638E+00 -0.22470E-01  0.44258E+01  0.95171E+02
  482    2.9985 11.6401 -0.89946E+00 -0.10699E+00 -0.23085E-01  0.44223E+01  0.94993E+02
  483    3.0100 11.6493 -0.90303E+00 -0.10761E+00 -0.23702E-01  0.44188E+01  0.94813E+02
  484    3.0216 11.6584 -0.90661E+00 -0.10823E+00 -0.24320E-01  0.44153E+01  0.94633E+02
  485    3.0332 11.6675 -0.91019E+00 -0.10885E+00 -0.24939E-01  0.44118E+01  0.94452E+02
  486    3.0448 11.6765 -0.91377E+00 -0.10947E+00 -0.25559E-01  0.44084E+01  0.94268E+02
  487    3.0565 11.6855 -0.91736E+00 -0.11009E+00 -0.26182E-01  0.44050E+01  0.94087E+02
  488    3.0682 11.6945 -0.92097E+00 -0.11071E+00 -0.26808E-01  0.44016E+01  0.93902E+02
  489    3.0799 11.7034 -0.92458E+00 -0.11134E+00 -0.27436E-01  0.43982E+01  0.93712E+02
  490    3.0917 11.7123 -0.92820E+00 -0.11197E+00 -0.28066E-01  0.43949E+01  0.93522E+02
  491    3.1035 11.7212 -0.93182E+00 -0.11261E+00 -0.28699E-01  0.43916E+01  0.93333E+02
  492    3.1154 11.7300 -0.93546E+00 -0.11324E+00 -0.29333E-01  0.43883E+01  0.93137E+02
  493    3.1272 11.7388 -0.93910E+00 -0.11388E+00 -0.29970E-01  0.43850E+01  0.92944E+02
  494    3.1391 11.7475 -0.94275E+00 -0.11452E+00 -0.30609E-01  0.43818E+01  0.92748E+02
  495    3.1511 11.7562 -0.94640E+00 -0.11516E+00 -0.31250E-01  0.43786E+01  0.92554E+02
  496    3.1631 11.7649 -0.95007E+00 -0.11580E+00 -0.31893E-01  0.43754E+01  0.92359E+02
  497    3.1751 11.7735 -0.95374E+00 -0.11645E+00 -0.32539E-01  0.43722E+01  0.92158E+02
  498    3.1871 11.7821 -0.95742E+00 -0.11709E+00 -0.33187E-01  0.43691E+01  0.91957E+02
  499    3.1992 11.7907 -0.96111E+00 -0.11774E+00 -0.33838E-01  0.43660E+01  0.91751E+02
  500    3.2113 11.7992 -0.96481E+00 -0.11840E+00 -0.34490E-01  0.43629E+01  0.91544E+02
  501    3.2235 11.8077 -0.96851E+00 -0.11905E+00 -0.35144E-01  0.43598E+01  0.91343E+02
  502    3.2357 11.8162 -0.97222E+00 -0.11971E+00 -0.35801E-01  0.43568E+01  0.91136E+02
  503    3.2479 11.8246 -0.97594E+00 -0.12037E+00 -0.36459E-01  0.43537E+01  0.90930E+02
  504    3.2601 11.8330 -0.97967E+00 -0.12103E+00 -0.37121E-01  0.43507E+01  0.90722E+02
  505    3.2724 11.8413 -0.98340E+00 -0.12169E+00 -0.37784E-01  0.43478E+01  0.90516E+02
  506    3.2847 11.8497 -0.98715E+00 -0.12236E+00 -0.38450E-01  0.43448E+01  0.90305E+02
  507    3.2971 11.8579 -0.99090E+00 -0.12302E+00 -0.39118E-01  0.43419E+01  0.90095E+02
  508    3.3095 11.8662 -0.99465E+00 -0.12370E+00 -0.39788E-01  0.43390E+01  0.89877E+02
  509    3.3219 11.8744 -0.99842E+00 -0.12437E+00 -0.40460E-01  0.43361E+01  0.89666E+02
  510    3.3344 11.8826 -0.10022E+01 -0.12504E+00 -0.41135E-01  0.43332E+01  0.89450E+02
  511    3.3469 11.8907 -0.10060E+01 -0.12572E+00 -0.41812E-01  0.43304E+01  0.89234E+02
  512    3.3595 11.8988 -0.10098E+01 -0.12640E+00 -0.42491E-01  0.43276E+01  0.89015E+02
  513    3.3720 11.9069 -0.10136E+01 -0.12708E+00 -0.43172E-01  0.43248E+01  0.88796E+02
  514    3.3847 11.9149 -0.10174E+01 -0.12776E+00 -0.43856E-01  0.43220E+01  0.88576E+02
  515    3.3973 11.9229 -0.10212E+01 -0.12845E+00 -0.44543E-01  0.43193E+01  0.88354E+02
  516    3.4100 11.9309 -0.10250E+01 -0.12914E+00 -0.45231E-01  0.43166E+01  0.88134E+02
  517    3.4227 11.9389 -0.10288E+01 -0.12983E+00 -0.45922E-01  0.43138E+01  0.87905E+02
  518    3.4355 11.9468 -0.10327E+01 -0.13052E+00 -0.46615E-01  0.43112E+01  0.87682E+02
  519    3.4483 11.9546 -0.10365E+01 -0.13122E+00 -0.47310E-01  0.43085E+01  0.87459E+02
  520    3.4611 11.9625 -0.10404E+01 -0.13191E+00 -0.48008E-01  0.43059E+01  0.87233E+02
  521    3.4740 11.9703 -0.10442E+01 -0.13261E+00 -0.48708E-01  0.43032E+01  0.87001E+02
  522    3.4869 11.9781 -0.10481E+01 -0.13332E+00 -0.49410E-01  0.43006E+01  0.86774E+02
  523    3.4998 11.9858 -0.10520E+01 -0.13402E+00 -0.50114E-01  0.42981E+01  0.86543E+02
  524    3.5128 11.9935 -0.10559E+01 -0.13473E+00 -0.50821E-01  0.42955E+01  0.86310E+02
  525    3.5258 12.0012 -0.10597E+01 -0.13544E+00 -0.51530E-01  0.42930E+01  0.86074E+02
  526    3.5389 12.0088 -0.10636E+01 -0.13615E+00 -0.52242E-01  0.42905E+01  0.85841E+02
  527    3.5520 12.0164 -0.10676E+01 -0.13686E+00 -0.52956E-01  0.42880E+01  0.85606E+02
  528    3.5651 12.0240 -0.10715E+01 -0.13758E+00 -0.53672E-01  0.42855E+01  0.85370E+02
  529    3.5783 12.0316 -0.10754E+01 -0.13830E+00 -0.54390E-01  0.42830E+01  0.85131E+02
  530    3.5915 12.0391 -0.10793E+01 -0.13902E+00 -0.55111E-01  0.42806E+01  0.84890E+02
  531    3.6048 12.0466 -0.10833E+01 -0.13974E+00 -0.55834E-01  0.42782E+01  0.84651E+02
  532    3.6180 12.0540 -0.10872E+01 -0.14047E+00 -0.56560E-01  0.42758E+01  0.84411E+02
  533    3.6314 12.0614 -0.10912E+01 -0.14120E+00 -0.57289E-01  0.42734E+01  0.84168E+02
  534    3.6447 12.0688 -0.10951E+01 -0.14193E+00 -0.58019E-01  0.42711E+01  0.83926E+02
  535    3.6581 12.0762 -0.10991E+01 -0.14266E+00 -0.58752E-01  0.42688E+01  0.83682E+02
  536    3.6716 12.0835 -0.11031E+01 -0.14339E+00 -0.59488E-01  0.42664E+01  0.83437E+02
  537    3.6850 12.0908 -0.11071E+01 -0.14413E+00 -0.60226E-01  0.42641E+01  0.83188E+02
  538    3.6986 12.0981 -0.11111E+01 -0.14487E+00 -0.60966E-01  0.42619E+01  0.82946E+02
  539    3.7121 12.1053 -0.11151E+01 -0.14562E+00 -0.61708E-01  0.42596E+01  0.82698E+02
  540    3.7257 12.1125 -0.11191E+01 -0.14636E+00 -0.62453E-01  0.42574E+01  0.82448E+02
  541    3.7394 12.1197 -0.11231E+01 -0.14711E+00 -0.63200E-01  0.42551E+01  0.82198E+02
  542    3.7530 12.1268 -0.11271E+01 -0.14786E+00 -0.63949E-01  0.42530E+01  0.81949E+02
  543    3.7667 12.1339 -0.11312E+01 -0.14861E+00 -0.64701E-01  0.42508E+01  0.81693E+02
  544    3.7805 12.1410 -0.11352E+01 -0.14936E+00 -0.65454E-01  0.42486E+01  0.81449E+02
  545    3.7943 12.1481 -0.11393E+01 -0.15012E+00 -0.66210E-01  0.42465E+01  0.81201E+02
  546    3.8081 12.1551 -0.11433E+01 -0.15088E+00 -0.66969E-01  0.42443E+01  0.80947E+02
  547    3.8220 12.1621 -0.11474E+01 -0.15164E+00 -0.67730E-01  0.42422E+01  0.80695E+02
  548    3.8359 12.1691 -0.11515E+01 -0.15240E+00 -0.68494E-01  0.42401E+01  0.80438E+02
  549    3.8499 12.1760 -0.11556E+01 -0.15317E+00 -0.69261E-01  0.42381E+01  0.80184E+02
  550    3.8639 12.1829 -0.11596E+01 -0.15394E+00 -0.70030E-01  0.42360E+01  0.79928E+02
  551    3.8779 12.1898 -0.11637E+01 -0.15471E+00 -0.70801E-01  0.42339E+01  0.79665E+02
  552    3.8920 12.1966 -0.11679E+01 -0.15548E+00 -0.71574E-01  0.42319E+01  0.79409E+02
  553    3.9061 12.2035 -0.11720E+01 -0.15626E+00 -0.72350E-01  0.42299E+01  0.79151E+02
  554    3.9202 12.2102 -0.11761E+01 -0.15704E+00 -0.73128E-01  0.42279E+01  0.78892E+02
  555    3.9344 12.2170 -0.11802E+01 -0.15782E+00 -0.73909E-01  0.42260E+01  0.78630E+02
  556    3.9487 12.2237 -0.11844E+01 -0.15860E+00 -0.74692E-01  0.42240E+01  0.78372E+02
  557    3.9629 12.2304 -0.11885E+01 -0.15939E+00 -0.75478E-01  0.42221E+01  0.78106E+02
  558    3.9773 12.2371 -0.11927E+01 -0.16017E+00 -0.76266E-01  0.42201E+01  0.77850E+02
  559    3.9916 12.2438 -0.11968E+01 -0.16096E+00 -0.77057E-01  0.42182E+01  0.77584E+02
  560    4.0060 12.2504 -0.12010E+01 -0.16176E+00 -0.77850E-01  0.42163E+01  0.77321E+02
  561    4.0205 12.2570 -0.12052E+01 -0.16255E+00 -0.78646E-01  0.42145E+01  0.77061E+02
  562    4.0350 12.2635 -0.12094E+01 -0.16335E+00 -0.79446E-01  0.42126E+01  0.76794E+02
  563    4.0495 12.2701 -0.12136E+01 -0.16415E+00 -0.80248E-01  0.42108E+01  0.76529E+02
  564    4.0640 12.2766 -0.12178E+01 -0.16496E+00 -0.81052E-01  0.42090E+01  0.76259E+02
  565    4.0787 12.2831 -0.12220E+01 -0.16576E+00 -0.81858E-01  0.42071E+01  0.75995E+02
  566    4.0933 12.2895 -0.12262E+01 -0.16657E+00 -0.82666E-01  0.42054E+01  0.75727E+02
  567    4.1080 12.2959 -0.12305E+01 -0.16738E+00 -0.83477E-01  0.42036E+01  0.75458E+02
  568    4.1227 12.3023 -0.12347E+01 -0.16820E+00 -0.84291E-01  0.42018E+01  0.75187E+02
  569    4.1375 12.3087 -0.12390E+01 -0.16901E+00 -0.85107E-01  0.42001E+01  0.74919E+02
  570    4.1524 12.3150 -0.12432E+01 -0.16983E+00 -0.85926E-01  0.41983E+01  0.74649E+02
  571    4.1672 12.3214 -0.12475E+01 -0.17065E+00 -0.86748E-01  0.41966E+01  0.74381E+02
  572    4.1821 12.3276 -0.12518E+01 -0.17148E+00 -0.87571E-01  0.41949E+01  0.74107E+02
  573    4.1971 12.3339 -0.12560E+01 -0.17230E+00 -0.88397E-01  0.41932E+01  0.73835E+02
  574    4.2121 12.3401 -0.12603E+01 -0.17313E+00 -0.89226E-01  0.41916E+01  0.73564E+02
  575    4.2271 12.3464 -0.12646E+01 -0.17396E+00 -0.90057E-01  0.41899E+01  0.73293E+02
  576    4.2422 12.3525 -0.12689E+01 -0.17480E+00 -0.90891E-01  0.41883E+01  0.73015E+02
  577    4.2573 12.3587 -0.12732E+01 -0.17563E+00 -0.91728E-01  0.41867E+01  0.72740E+02
  578    4.2725 12.3648 -0.12776E+01 -0.17647E+00 -0.92567E-01  0.41850E+01  0.72466E+02
  579    4.2877 12.3709 -0.12819E+01 -0.17732E+00 -0.93408E-01  0.41834E+01  0.72190E+02
  580    4.3030 12.3770 -0.12862E+01 -0.17816E+00 -0.94252E-01  0.41819E+01  0.71918E+02
  581    4.3183 12.3831 -0.12906E+01 -0.17901E+00 -0.95098E-01  0.41803E+01  0.71644E+02
  582    4.3336 12.3891 -0.12949E+01 -0.17985E+00 -0.95947E-01  0.41787E+01  0.71366E+02
  583    4.3490 12.3951 -0.12993E+01 -0.18071E+00 -0.96798E-01  0.41772E+01  0.71090E+02
  584    4.3644 12.4011 -0.13037E+01 -0.18156E+00 -0.97653E-01  0.41756E+01  0.70813E+02
  585    4.3799 12.4070 -0.13080E+01 -0.18242E+00 -0.98509E-01  0.41741E+01  0.70533E+02
  586    4.3954 12.4130 -0.13124E+01 -0.18328E+00 -0.99368E-01  0.41726E+01  0.70256E+02
  587    4.4110 12.4189 -0.13168E+01 -0.18414E+00 -0.10023E+00  0.41711E+01  0.69983E+02
  588    4.4266 12.4247 -0.13212E+01 -0.18500E+00 -0.10109E+00  0.41696E+01  0.69703E+02
  589    4.4423 12.4306 -0.13257E+01 -0.18587E+00 -0.10196E+00  0.41682E+01  0.69429E+02
  590    4.4580 12.4364 -0.13301E+01 -0.18674E+00 -0.10283E+00  0.41667E+01  0.69151E+02
  591    4.4737 12.4422 -0.13345E+01 -0.18761E+00 -0.10370E+00  0.41653E+01  0.68875E+02
  592    4.4895 12.4480 -0.13389E+01 -0.18849E+00 -0.10458E+00  0.41639E+01  0.68596E+02
  593    4.5053 12.4537 -0.13434E+01 -0.18936E+00 -0.10546E+00  0.41624E+01  0.68315E+02
  594    4.5212 12.4595 -0.13478E+01 -0.19024E+00 -0.10634E+00  0.41610E+01  0.68040E+02
  595    4.5372 12.4652 -0.13523E+01 -0.19113E+00 -0.10722E+00  0.41597E+01  0.67761E+02
  596    4.5531 12.4708 -0.13568E+01 -0.19201E+00 -0.10811E+00  0.41583E+01  0.67486E+02
  597    4.5692 12.4765 -0.13613E+01 -0.19290E+00 -0.10899E+00  0.41569E+01  0.67204E+02
  598    4.5852 12.4821 -0.13658E+01 -0.19379E+00 -0.10989E+00  0.41556E+01  0.66926E+02
  599    4.6013 12.4877 -0.13703E+01 -0.19469E+00 -0.11078E+00  0.41542E+01  0.66644E+02
  600    4.6175 12.4933 -0.13748E+01 -0.19558E+00 -0.11168E+00  0.41529E+01  0.66366E+02
  601    4.6337 12.4989 -0.13793E+01 -0.19648E+00 -0.11257E+00  0.41516E+01  0.66089E+02
  602    4.6500 12.5044 -0.13838E+01 -0.19738E+00 -0.11348E+00  0.41503E+01  0.65806E+02
  603    4.6663 12.5099 -0.13883E+01 -0.19829E+00 -0.11438E+00  0.41490E+01  0.65524E+02
  604    4.6826 12.5154 -0.13929E+01 -0.19920E+00 -0.11529E+00  0.41477E+01  0.65244E+02
  605    4.6990 12.5209 -0.13974E+01 -0.20011E+00 -0.11620E+00  0.41465E+01  0.64959E+02
  606    4.7155 12.5263 -0.14020E+01 -0.20102E+00 -0.11711E+00  0.41452E+01  0.64681E+02
  607    4.7319 12.5317 -0.14066E+01 -0.20193E+00 -0.11803E+00  0.41439E+01  0.64399E+02
  608    4.7485 12.5371 -0.14111E+01 -0.20285E+00 -0.11895E+00  0.41427E+01  0.64120E+02
  609    4.7651 12.5425 -0.14157E+01 -0.20377E+00 -0.11987E+00  0.41415E+01  0.63837E+02
  610    4.7817 12.5478 -0.14203E+01 -0.20470E+00 -0.12079E+00  0.41403E+01  0.63552E+02
  611    4.7984 12.5532 -0.14249E+01 -0.20562E+00 -0.12172E+00  0.41391E+01  0.63265E+02
  612    4.8151 12.5585 -0.14295E+01 -0.20655E+00 -0.12265E+00  0.41379E+01  0.62984E+02
  613    4.8319 12.5638 -0.14342E+01 -0.20749E+00 -0.12358E+00  0.41367E+01  0.62703E+02
  614    4.8487 12.5690 -0.14388E+01 -0.20842E+00 -0.12452E+00  0.41355E+01  0.62421E+02
  615    4.8656 12.5743 -0.14434E+01 -0.20936E+00 -0.12545E+00  0.41344E+01  0.62138E+02
  616    4.8825 12.5795 -0.14481E+01 -0.21030E+00 -0.12639E+00  0.41332E+01  0.61854E+02
  617    4.8995 12.5847 -0.14527E+01 -0.21124E+00 -0.12733E+00  0.41321E+01  0.61570E+02
  618    4.9165 12.5898 -0.14574E+01 -0.21219E+00 -0.12828E+00  0.41310E+01  0.61288E+02
  619    4.9336 12.5950 -0.14621E+01 -0.21313E+00 -0.12923E+00  0.41298E+01  0.61005E+02
  620    4.9507 12.6001 -0.14667E+01 -0.21408E+00 -0.13018E+00  0.41287E+01  0.60727E+02
  621    4.9679 12.6052 -0.14714E+01 -0.21504E+00 -0.13113E+00  0.41276E+01  0.60446E+02
  622    4.9851 12.6103 -0.14761E+01 -0.21599E+00 -0.13209E+00  0.41265E+01  0.60164E+02
  623    5.0024 12.6153 -0.14808E+01 -0.21695E+00 -0.13305E+00  0.41255E+01  0.59878E+02
  624    5.0197 12.6204 -0.14856E+01 -0.21792E+00 -0.13401E+00  0.41244E+01  0.59595E+02
  625    5.0370 12.6254 -0.14903E+01 -0.21888E+00 -0.13497E+00  0.41233E+01  0.59314E+02
  626    5.0545 12.6304 -0.14950E+01 -0.21985E+00 -0.13594E+00  0.41223E+01  0.59029E+02
  627    5.0719 12.6354 -0.14997E+01 -0.22082E+00 -0.13691E+00  0.41212E+01  0.58743E+02
  628    5.0894 12.6403 -0.15045E+01 -0.22179E+00 -0.13788E+00  0.41202E+01  0.58471E+02
  629    5.1070 12.6453 -0.15093E+01 -0.22276E+00 -0.13886E+00  0.41192E+01  0.58183E+02
  630    5.1246 12.6502 -0.15140E+01 -0.22374E+00 -0.13984E+00  0.41182E+01  0.57903E+02
  631    5.1423 12.6551 -0.15188E+01 -0.22472E+00 -0.14082E+00  0.41172E+01  0.57623E+02
  632    5.1600 12.6599 -0.15236E+01 -0.22571E+00 -0.14180E+00  0.41162E+01  0.57339E+02
  633    5.1778 12.6648 -0.15284E+01 -0.22669E+00 -0.14279E+00  0.41152E+01  0.57059E+02
  634    5.1956 12.6696 -0.15332E+01 -0.22769E+00 -0.14378E+00  0.41142E+01  0.56777E+02
  635    5.2135 12.6744 -0.15380E+01 -0.22868E+00 -0.14477E+00  0.41133E+01  0.56496E+02
  636    5.2314 12.6792 -0.15428E+01 -0.22968E+00 -0.14577E+00  0.41123E+01  0.56215E+02
  637    5.2494 12.6840 -0.15477E+01 -0.23068E+00 -0.14677E+00  0.41113E+01  0.55938E+02
  638    5.2674 12.6887 -0.15525E+01 -0.23168E+00 -0.14777E+00  0.41104E+01  0.55661E+02
  639    5.2855 12.6934 -0.15573E+01 -0.23268E+00 -0.14877E+00  0.41095E+01  0.55380E+02
  640    5.3037 12.6981 -0.15622E+01 -0.23369E+00 -0.14978E+00  0.41085E+01  0.55100E+02
  641    5.3219 12.7028 -0.15671E+01 -0.23470E+00 -0.15079E+00  0.41076E+01  0.54819E+02
  642    5.3401 12.7075 -0.15719E+01 -0.23571E+00 -0.15180E+00  0.41067E+01  0.54540E+02
  643    5.3584 12.7121 -0.15768E+01 -0.23673E+00 -0.15282E+00  0.41058E+01  0.54263E+02
  644    5.3767 12.7167 -0.15817E+01 -0.23774E+00 -0.15384E+00  0.41049E+01  0.53987E+02
  645    5.3951 12.7214 -0.15866E+01 -0.23876E+00 -0.15486E+00  0.41041E+01  0.53705E+02
  646    5.4136 12.7259 -0.15915E+01 -0.23979E+00 -0.15588E+00  0.41032E+01  0.53431E+02
  647    5.4321 12.7305 -0.15964E+01 -0.24082E+00 -0.15691E+00  0.41023E+01  0.53155E+02
  648    5.4506 12.7351 -0.16014E+01 -0.24184E+00 -0.15794E+00  0.41014E+01  0.52873E+02
  649    5.4693 12.7396 -0.16063E+01 -0.24288E+00 -0.15897E+00  0.41006E+01  0.52595E+02
  650    5.4879 12.7441 -0.16113E+01 -0.24391E+00 -0.16001E+00  0.40998E+01  0.52316E+02
  651    5.5066 12.7486 -0.16162E+01 -0.24495E+00 -0.16105E+00  0.40989E+01  0.52044E+02
  652    5.5254 12.7530 -0.16212E+01 -0.24600E+00 -0.16209E+00  0.40981E+01  0.51763E+02
  653    5.5442 12.7575 -0.16262E+01 -0.24704E+00 -0.16313E+00  0.40973E+01  0.51490E+02
  654    5.5631 12.7619 -0.16311E+01 -0.24809E+00 -0.16418E+00  0.40965E+01  0.51213E+02
  655    5.5821 12.7663 -0.16361E+01 -0.24914E+00 -0.16523E+00  0.40956E+01  0.50936E+02
  656    5.6011 12.7707 -0.16411E+01 -0.25019E+00 -0.16628E+00  0.40948E+01  0.50661E+02
  657    5.6201 12.7751 -0.16461E+01 -0.25125E+00 -0.16734E+00  0.40941E+01  0.50391E+02
  658    5.6392 12.7795 -0.16512E+01 -0.25230E+00 -0.16840E+00  0.40933E+01  0.50115E+02
  659    5.6584 12.7838 -0.16562E+01 -0.25337E+00 -0.16946E+00  0.40925E+01  0.49847E+02
  660    5.6776 12.7881 -0.16612E+01 -0.25443E+00 -0.17053E+00  0.40917E+01  0.49574E+02
  661    5.6968 12.7924 -0.16663E+01 -0.25550E+00 -0.17160E+00  0.40910E+01  0.49301E+02
  662    5.7162 12.7967 -0.16713E+01 -0.25657E+00 -0.17267E+00  0.40902E+01  0.49027E+02
  663    5.7355 12.8010 -0.16764E+01 -0.25765E+00 -0.17374E+00  0.40894E+01  0.48752E+02
  664    5.7550 12.8052 -0.16815E+01 -0.25872E+00 -0.17481E+00  0.40887E+01  0.48479E+02
  665    5.7745 12.8094 -0.16866E+01 -0.25980E+00 -0.17589E+00  0.40880E+01  0.48210E+02
  666    5.7940 12.8136 -0.16917E+01 -0.26088E+00 -0.17698E+00  0.40872E+01  0.47934E+02
  667    5.8136 12.8178 -0.16968E+01 -0.26197E+00 -0.17806E+00  0.40865E+01  0.47664E+02
  668    5.8333 12.8220 -0.17019E+01 -0.26306E+00 -0.17915E+00  0.40858E+01  0.47395E+02
  669    5.8530 12.8261 -0.17070E+01 -0.26415E+00 -0.18024E+00  0.40851E+01  0.47130E+02
  670    5.8727 12.8303 -0.17121E+01 -0.26525E+00 -0.18134E+00  0.40844E+01  0.46864E+02
  671    5.8926 12.8344 -0.17173E+01 -0.26634E+00 -0.18244E+00  0.40837E+01  0.46592E+02
  672    5.9125 12.8385 -0.17224E+01 -0.26745E+00 -0.18354E+00  0.40830E+01  0.46321E+02
  673    5.9324 12.8426 -0.17276E+01 -0.26855E+00 -0.18464E+00  0.40823E+01  0.46059E+02
  674    5.9524 12.8467 -0.17327E+01 -0.26966E+00 -0.18575E+00  0.40816E+01  0.45788E+02
  675    5.9725 12.8507 -0.17379E+01 -0.27077E+00 -0.18686E+00  0.40810E+01  0.45525E+02
  676    5.9926 12.8547 -0.17431E+01 -0.27188E+00 -0.18797E+00  0.40803E+01  0.45261E+02
  677    6.0128 12.8588 -0.17483E+01 -0.27299E+00 -0.18909E+00  0.40796E+01  0.44997E+02
  678    6.0330 12.8627 -0.17535E+01 -0.27411E+00 -0.19021E+00  0.40790E+01  0.44732E+02
  679    6.0533 12.8667 -0.17587E+01 -0.27523E+00 -0.19133E+00  0.40783E+01  0.44465E+02
  680    6.0736 12.8707 -0.17639E+01 -0.27636E+00 -0.19245E+00  0.40777E+01  0.44205E+02
  681    6.0941 12.8746 -0.17691E+01 -0.27748E+00 -0.19357E+00  0.40771E+01  0.43945E+02
  682    6.1145 12.8786 -0.17744E+01 -0.27861E+00 -0.19471E+00  0.40764E+01  0.43689E+02
  683    6.1350 12.8825 -0.17797E+01 -0.27975E+00 -0.19584E+00  0.40758E+01  0.43432E+02
  684    6.1556 12.8864 -0.17849E+01 -0.28089E+00 -0.19698E+00  0.40752E+01  0.43166E+02
  685    6.1763 12.8903 -0.17902E+01 -0.28203E+00 -0.19812E+00  0.40746E+01  0.42902E+02
  686    6.1970 12.8941 -0.17955E+01 -0.28317E+00 -0.19926E+00  0.40740E+01  0.42639E+02
  687    6.2178 12.8980 -0.18008E+01 -0.28432E+00 -0.20041E+00  0.40734E+01  0.42378E+02
  688    6.2386 12.9018 -0.18061E+01 -0.28547E+00 -0.20156E+00  0.40728E+01  0.42119E+02
  689    6.2595 12.9056 -0.18114E+01 -0.28662E+00 -0.20271E+00  0.40722E+01  0.41863E+02
  690    6.2804 12.9094 -0.18167E+01 -0.28778E+00 -0.20387E+00  0.40716E+01  0.41605E+02
  691    6.3014 12.9132 -0.18220E+01 -0.28894E+00 -0.20503E+00  0.40710E+01  0.41351E+02
  692    6.3225 12.9169 -0.18273E+01 -0.29010E+00 -0.20619E+00  0.40704E+01  0.41098E+02
  693    6.3436 12.9207 -0.18327E+01 -0.29126E+00 -0.20735E+00  0.40698E+01  0.40837E+02
  694    6.3648 12.9244 -0.18381E+01 -0.29243E+00 -0.20852E+00  0.40693E+01  0.40582E+02
  695    6.3860 12.9281 -0.18434E+01 -0.29361E+00 -0.20970E+00  0.40687E+01  0.40326E+02
  696    6.4074 12.9318 -0.18488E+01 -0.29479E+00 -0.21088E+00  0.40682E+01  0.40073E+02
  697    6.4287 12.9355 -0.18542E+01 -0.29596E+00 -0.21206E+00  0.40676E+01  0.39822E+02
  698    6.4502 12.9392 -0.18596E+01 -0.29714E+00 -0.21323E+00  0.40671E+01  0.39569E+02
  699    6.4717 12.9428 -0.18650E+01 -0.29832E+00 -0.21441E+00  0.40665E+01  0.39319E+02
  700    6.4932 12.9465 -0.18704E+01 -0.29951E+00 -0.21560E+00  0.40660E+01  0.39072E+02
  701    6.5148 12.9501 -0.18758E+01 -0.30069E+00 -0.21679E+00  0.40655E+01  0.38821E+02
  702    6.5365 12.9537 -0.18812E+01 -0.30189E+00 -0.21798E+00  0.40649E+01  0.38572E+02
  703    6.5583 12.9573 -0.18867E+01 -0.30308E+00 -0.21918E+00  0.40644E+01  0.38320E+02
  704    6.5801 12.9609 -0.18921E+01 -0.30428E+00 -0.22038E+00  0.40639E+01  0.38077E+02
  705    6.6019 12.9644 -0.18976E+01 -0.30548E+00 -0.22158E+00  0.40634E+01  0.37828E+02
  706    6.6239 12.9680 -0.19031E+01 -0.30669E+00 -0.22278E+00  0.40629E+01  0.37580E+02
  707    6.6459 12.9715 -0.19085E+01 -0.30790E+00 -0.22399E+00  0.40624E+01  0.37329E+02
  708    6.6679 12.9750 -0.19140E+01 -0.30911E+00 -0.22520E+00  0.40619E+01  0.37084E+02
  709    6.6901 12.9785 -0.19195E+01 -0.31033E+00 -0.22642E+00  0.40614E+01  0.36840E+02
  710    6.7122 12.9820 -0.19250E+01 -0.31154E+00 -0.22763E+00  0.40609E+01  0.36602E+02
  711    6.7345 12.9855 -0.19306E+01 -0.31276E+00 -0.22885E+00  0.40604E+01  0.36361E+02
  712    6.7568 12.9889 -0.19361E+01 -0.31399E+00 -0.23008E+00  0.40599E+01  0.36122E+02
  713    6.7792 12.9924 -0.19416E+01 -0.31522E+00 -0.23131E+00  0.40594E+01  0.35882E+02
  714    6.8016 12.9958 -0.19472E+01 -0.31645E+00 -0.23254E+00  0.40590E+01  0.35645E+02
  715    6.8241 12.9992 -0.19527E+01 -0.31768E+00 -0.23378E+00  0.40585E+01  0.35406E+02
  716    6.8467 13.0026 -0.19583E+01 -0.31892E+00 -0.23501E+00  0.40580E+01  0.35167E+02
  717    6.8694 13.0060 -0.19639E+01 -0.32016E+00 -0.23626E+00  0.40576E+01  0.34928E+02
  718    6.8921 13.0093 -0.19695E+01 -0.32141E+00 -0.23750E+00  0.40571E+01  0.34692E+02
  719    6.9148 13.0127 -0.19751E+01 -0.32265E+00 -0.23875E+00  0.40567E+01  0.34455E+02
  720    6.9377 13.0160 -0.19807E+01 -0.32390E+00 -0.24000E+00  0.40562E+01  0.34218E+02
  721    6.9606 13.0193 -0.19863E+01 -0.32516E+00 -0.24125E+00  0.40558E+01  0.33985E+02
  722    6.9835 13.0227 -0.19919E+01 -0.32641E+00 -0.24251E+00  0.40553E+01  0.33749E+02
  723    7.0066 13.0259 -0.19976E+01 -0.32767E+00 -0.24377E+00  0.40549E+01  0.33518E+02
  724    7.0297 13.0292 -0.20032E+01 -0.32894E+00 -0.24503E+00  0.40545E+01  0.33287E+02
  725    7.0528 13.0325 -0.20089E+01 -0.33020E+00 -0.24630E+00  0.40540E+01  0.33057E+02
  726    7.0761 13.0357 -0.20146E+01 -0.33148E+00 -0.24757E+00  0.40536E+01  0.32821E+02
  727    7.0994 13.0390 -0.20202E+01 -0.33276E+00 -0.24885E+00  0.40532E+01  0.32592E+02
  728    7.1227 13.0422 -0.20259E+01 -0.33403E+00 -0.25012E+00  0.40528E+01  0.32360E+02
  729    7.1462 13.0454 -0.20316E+01 -0.33531E+00 -0.25140E+00  0.40524E+01  0.32134E+02
  730    7.1697 13.0486 -0.20373E+01 -0.33659E+00 -0.25268E+00  0.40519E+01  0.31907E+02
  731    7.1933 13.0518 -0.20430E+01 -0.33787E+00 -0.25397E+00  0.40515E+01  0.31681E+02
  732    7.2169 13.0550 -0.20488E+01 -0.33916E+00 -0.25526E+00  0.40511E+01  0.31457E+02
  733    7.2406 13.0581 -0.20545E+01 -0.34046E+00 -0.25655E+00  0.40507E+01  0.31236E+02
  734    7.2644 13.0613 -0.20602E+01 -0.34175E+00 -0.25784E+00  0.40503E+01  0.31012E+02
  735    7.2882 13.0644 -0.20660E+01 -0.34305E+00 -0.25914E+00  0.40499E+01  0.30788E+02
  736    7.3121 13.0675 -0.20718E+01 -0.34435E+00 -0.26045E+00  0.40496E+01  0.30564E+02
  737    7.3361 13.0706 -0.20776E+01 -0.34566E+00 -0.26175E+00  0.40492E+01  0.30344E+02
  738    7.3602 13.0737 -0.20833E+01 -0.34697E+00 -0.26306E+00  0.40488E+01  0.30123E+02
  739    7.3843 13.0768 -0.20891E+01 -0.34828E+00 -0.26437E+00  0.40484E+01  0.29903E+02
  740    7.4085 13.0798 -0.20949E+01 -0.34960E+00 -0.26569E+00  0.40480E+01  0.29688E+02
  741    7.4328 13.0829 -0.21008E+01 -0.35092E+00 -0.26701E+00  0.40477E+01  0.29471E+02
  742    7.4571 13.0859 -0.21066E+01 -0.35224E+00 -0.26833E+00  0.40473E+01  0.29256E+02
  743    7.4815 13.0889 -0.21124E+01 -0.35356E+00 -0.26966E+00  0.40469E+01  0.29041E+02
  744    7.5060 13.0919 -0.21183E+01 -0.35489E+00 -0.27099E+00  0.40466E+01  0.28828E+02
  745    7.5305 13.0949 -0.21241E+01 -0.35623E+00 -0.27232E+00  0.40462E+01  0.28613E+02
  746    7.5551 13.0979 -0.21300E+01 -0.35756E+00 -0.27366E+00  0.40458E+01  0.28400E+02
  747    7.5798 13.1009 -0.21359E+01 -0.35890E+00 -0.27500E+00  0.40455E+01  0.28186E+02
  748    7.6045 13.1039 -0.21418E+01 -0.36025E+00 -0.27634E+00  0.40451E+01  0.27977E+02
  749    7.6294 13.1068 -0.21477E+01 -0.36159E+00 -0.27769E+00  0.40448E+01  0.27764E+02
  750    7.6543 13.1097 -0.21536E+01 -0.36294E+00 -0.27904E+00  0.40445E+01  0.27557E+02
  751    7.6792 13.1127 -0.21595E+01 -0.36430E+00 -0.28039E+00  0.40441E+01  0.27349E+02
  752    7.7043 13.1156 -0.21654E+01 -0.36565E+00 -0.28175E+00  0.40438E+01  0.27143E+02
  753    7.7294 13.1185 -0.21714E+01 -0.36701E+00 -0.28311E+00  0.40434E+01  0.26935E+02
  754    7.7546 13.1213 -0.21773E+01 -0.36838E+00 -0.28447E+00  0.40431E+01  0.26729E+02
  755    7.7798 13.1242 -0.21833E+01 -0.36974E+00 -0.28584E+00  0.40428E+01  0.26521E+02
  756    7.8052 13.1271 -0.21893E+01 -0.37111E+00 -0.28721E+00  0.40425E+01  0.26316E+02
  757    7.8306 13.1299 -0.21953E+01 -0.37249E+00 -0.28858E+00  0.40421E+01  0.26115E+02
  758    7.8561 13.1327 -0.22013E+01 -0.37386E+00 -0.28996E+00  0.40418E+01  0.25914E+02
  759    7.8816 13.1356 -0.22073E+01 -0.37524E+00 -0.29134E+00  0.40415E+01  0.25712E+02
  760    7.9072 13.1384 -0.22133E+01 -0.37663E+00 -0.29272E+00  0.40412E+01  0.25514E+02
  761    7.9329 13.1412 -0.22193E+01 -0.37801E+00 -0.29411E+00  0.40409E+01  0.25315E+02
  762    7.9587 13.1440 -0.22253E+01 -0.37941E+00 -0.29550E+00  0.40406E+01  0.25116E+02
  763    7.9846 13.1467 -0.22314E+01 -0.38080E+00 -0.29689E+00  0.40402E+01  0.24918E+02
  764    8.0105 13.1495 -0.22374E+01 -0.38220E+00 -0.29829E+00  0.40399E+01  0.24724E+02
  765    8.0365 13.1522 -0.22435E+01 -0.38360E+00 -0.29969E+00  0.40396E+01  0.24527E+02
  766    8.0626 13.1550 -0.22496E+01 -0.38500E+00 -0.30109E+00  0.40393E+01  0.24334E+02
  767    8.0887 13.1577 -0.22557E+01 -0.38641E+00 -0.30250E+00  0.40390E+01  0.24138E+02
  768    8.1149 13.1604 -0.22617E+01 -0.38782E+00 -0.30391E+00  0.40387E+01  0.23946E+02
  769    8.1412 13.1631 -0.22679E+01 -0.38923E+00 -0.30532E+00  0.40385E+01  0.23755E+02
  770    8.1676 13.1658 -0.22740E+01 -0.39065E+00 -0.30675E+00  0.40382E+01  0.23567E+02
  771    8.1941 13.1685 -0.22801E+01 -0.39208E+00 -0.30817E+00  0.40379E+01  0.23378E+02
  772    8.2206 13.1712 -0.22863E+01 -0.39350E+00 -0.30960E+00  0.40376E+01  0.23187E+02
  773    8.2472 13.1738 -0.22924E+01 -0.39493E+00 -0.31102E+00  0.40373E+01  0.22999E+02
  774    8.2739 13.1765 -0.22986E+01 -0.39636E+00 -0.31245E+00  0.40370E+01  0.22813E+02
  775    8.3006 13.1791 -0.23047E+01 -0.39780E+00 -0.31389E+00  0.40368E+01  0.22625E+02
  776    8.3275 13.1817 -0.23109E+01 -0.39924E+00 -0.31533E+00  0.40365E+01  0.22442E+02
  777    8.3544 13.1843 -0.23171E+01 -0.40068E+00 -0.31677E+00  0.40362E+01  0.22262E+02
  778    8.3814 13.1869 -0.23233E+01 -0.40213E+00 -0.31822E+00  0.40359E+01  0.22080E+02
  779    8.4084 13.1895 -0.23295E+01 -0.40357E+00 -0.31967E+00  0.40357E+01  0.21897E+02
  780    8.4356 13.1921 -0.23358E+01 -0.40503E+00 -0.32112E+00  0.40354E+01  0.21714E+02
  781    8.4628 13.1946 -0.23420E+01 -0.40649E+00 -0.32258E+00  0.40351E+01  0.21537E+02
  782    8.4901 13.1972 -0.23482E+01 -0.40795E+00 -0.32404E+00  0.40349E+01  0.21353E+02
  783    8.5175 13.1997 -0.23545E+01 -0.40941E+00 -0.32551E+00  0.40346E+01  0.21173E+02
  784    8.5449 13.2023 -0.23608E+01 -0.41088E+00 -0.32697E+00  0.40344E+01  0.21000E+02
  785    8.5725 13.2048 -0.23671E+01 -0.41235E+00 -0.32844E+00  0.40341E+01  0.20821E+02
  786    8.6001 13.2073 -0.23733E+01 -0.41382E+00 -0.32992E+00  0.40339E+01  0.20645E+02
  787    8.6278 13.2098 -0.23796E+01 -0.41530E+00 -0.33140E+00  0.40336E+01  0.20474E+02
  788    8.6556 13.2123 -0.23860E+01 -0.41679E+00 -0.33288E+00  0.40334E+01  0.20301E+02
  789    8.6834 13.2148 -0.23923E+01 -0.41828E+00 -0.33437E+00  0.40331E+01  0.20129E+02
  790    8.7114 13.2173 -0.23986E+01 -0.41976E+00 -0.33586E+00  0.40329E+01  0.19957E+02
  791    8.7394 13.2197 -0.24050E+01 -0.42126E+00 -0.33735E+00  0.40326E+01  0.19784E+02
  792    8.7675 13.2222 -0.24113E+01 -0.42276E+00 -0.33885E+00  0.40324E+01  0.19614E+02
  793    8.7957 13.2246 -0.24177E+01 -0.42426E+00 -0.34035E+00  0.40322E+01  0.19445E+02
  794    8.8239 13.2270 -0.24241E+01 -0.42576E+00 -0.34185E+00  0.40319E+01  0.19280E+02
  795    8.8523 13.2294 -0.24304E+01 -0.42726E+00 -0.34335E+00  0.40317E+01  0.19112E+02
  796    8.8807 13.2318 -0.24368E+01 -0.42877E+00 -0.34487E+00  0.40315E+01  0.18948E+02
  797    8.9092 13.2342 -0.24433E+01 -0.43029E+00 -0.34638E+00  0.40312E+01  0.18782E+02
  798    8.9378 13.2366 -0.24497E+01 -0.43181E+00 -0.34790E+00  0.40310E+01  0.18616E+02
  799    8.9665 13.2390 -0.24561E+01 -0.43333E+00 -0.34942E+00  0.40308E+01  0.18454E+02
  800    8.9952 13.2414 -0.24626E+01 -0.43485E+00 -0.35095E+00  0.40306E+01  0.18292E+02
  801    9.0241 13.2437 -0.24690E+01 -0.43638E+00 -0.35248E+00  0.40303E+01  0.18131E+02
  802    9.0530 13.2461 -0.24755E+01 -0.43792E+00 -0.35401E+00  0.40301E+01  0.17970E+02
  803    9.0820 13.2484 -0.24819E+01 -0.43945E+00 -0.35554E+00  0.40299E+01  0.17813E+02
  804    9.1111 13.2507 -0.24884E+01 -0.44099E+00 -0.35708E+00  0.40297E+01  0.17656E+02
  805    9.1403 13.2530 -0.24949E+01 -0.44254E+00 -0.35863E+00  0.40295E+01  0.17499E+02
  806    9.1695 13.2553 -0.25014E+01 -0.44408E+00 -0.36018E+00  0.40293E+01  0.17341E+02
  807    9.1989 13.2576 -0.25080E+01 -0.44563E+00 -0.36173E+00  0.40290E+01  0.17185E+02
  808    9.2283 13.2599 -0.25145E+01 -0.44719E+00 -0.36328E+00  0.40288E+01  0.17031E+02
  809    9.2578 13.2622 -0.25210E+01 -0.44875E+00 -0.36484E+00  0.40286E+01  0.16878E+02
  810    9.2874 13.2644 -0.25276E+01 -0.45031E+00 -0.36640E+00  0.40284E+01  0.16725E+02
  811    9.3171 13.2667 -0.25342E+01 -0.45188E+00 -0.36797E+00  0.40282E+01  0.16572E+02
  812    9.3469 13.2689 -0.25407E+01 -0.45345E+00 -0.36954E+00  0.40280E+01  0.16424E+02
  813    9.3767 13.2712 -0.25473E+01 -0.45502E+00 -0.37111E+00  0.40278E+01  0.16276E+02
  814    9.4066 13.2734 -0.25539E+01 -0.45660E+00 -0.37269E+00  0.40276E+01  0.16126E+02
  815    9.4367 13.2756 -0.25605E+01 -0.45818E+00 -0.37427E+00  0.40274E+01  0.15977E+02
  816    9.4668 13.2778 -0.25672E+01 -0.45976E+00 -0.37586E+00  0.40272E+01  0.15831E+02
  817    9.4970 13.2800 -0.25738E+01 -0.46135E+00 -0.37744E+00  0.40270E+01  0.15684E+02
  818    9.5273 13.2822 -0.25804E+01 -0.46294E+00 -0.37903E+00  0.40268E+01  0.15539E+02
  819    9.5576 13.2844 -0.25871E+01 -0.46454E+00 -0.38063E+00  0.40266E+01  0.15394E+02
  820    9.5881 13.2866 -0.25938E+01 -0.46614E+00 -0.38223E+00  0.40265E+01  0.15254E+02
  821    9.6187 13.2887 -0.26004E+01 -0.46804E+00 -0.38413E+00  0.40000E+01  0.15110E+02
  822    9.6493 13.2909 -0.26071E+01 -0.46964E+00 -0.38574E+00  0.40000E+01  0.14967E+02
  823    9.6800 13.2930 -0.26138E+01 -0.47126E+00 -0.38735E+00  0.40000E+01  0.14828E+02
  824    9.7108 13.2951 -0.26206E+01 -0.47287E+00 -0.38896E+00  0.40000E+01  0.14690E+02
  825    9.7417 13.2973 -0.26273E+01 -0.47448E+00 -0.39058E+00  0.40000E+01  0.14549E+02
  826    9.7727 13.2994 -0.26340E+01 -0.47610E+00 -0.39220E+00  0.40000E+01  0.14412E+02
  827    9.8038 13.3015 -0.26408E+01 -0.47773E+00 -0.39382E+00  0.40000E+01  0.14279E+02
  828    9.8350 13.3036 -0.26475E+01 -0.47936E+00 -0.39545E+00  0.40000E+01  0.14142E+02
  829    9.8662 13.3057 -0.26543E+01 -0.48098E+00 -0.39708E+00  0.40000E+01  0.14008E+02
  830    9.8976 13.3077 -0.26611E+01 -0.48262E+00 -0.39871E+00  0.40000E+01  0.13874E+02
  831    9.9290 13.3098 -0.26678E+01 -0.48426E+00 -0.40035E+00  0.40000E+01  0.13743E+02
  832    9.9606 13.3119 -0.26746E+01 -0.48590E+00 -0.40199E+00  0.40000E+01  0.13608E+02
  833    9.9922 13.3139 -0.26815E+01 -0.48755E+00 -0.40364E+00  0.40000E+01  0.13476E+02
  834   10.0239 13.3160 -0.26883E+01 -0.48920E+00 -0.40529E+00  0.40000E+01  0.13347E+02
  835   10.0557 13.3180 -0.26951E+01 -0.49086E+00 -0.40695E+00  0.40000E+01  0.13217E+02
  836   10.0876 13.3200 -0.27020E+01 -0.49251E+00 -0.40861E+00  0.40000E+01  0.13090E+02
  837   10.1196 13.3220 -0.27089E+01 -0.49418E+00 -0.41028E+00  0.40000E+01  0.12961E+02
  838   10.1517 13.3240 -0.27157E+01 -0.49585E+00 -0.41194E+00  0.40000E+01  0.12836E+02
  839   10.1839 13.3260 -0.27226E+01 -0.49752E+00 -0.41361E+00  0.40000E+01  0.12710E+02
  840   10.2161 13.3280 -0.27295E+01 -0.49919E+00 -0.41529E+00  0.40000E+01  0.12585E+02
  841   10.2485 13.3300 -0.27364E+01 -0.50087E+00 -0.41697E+00  0.40000E+01  0.12460E+02
  842   10.2809 13.3320 -0.27434E+01 -0.50255E+00 -0.41865E+00  0.40000E+01  0.12340E+02
  843   10.3135 13.3339 -0.27503E+01 -0.50423E+00 -0.42033E+00  0.40000E+01  0.12216E+02
  844   10.3461 13.3359 -0.27572E+01 -0.50593E+00 -0.42202E+00  0.40000E+01  0.12096E+02
  845   10.3789 13.3378 -0.27642E+01 -0.50762E+00 -0.42371E+00  0.40000E+01  0.11973E+02
  846   10.4117 13.3398 -0.27712E+01 -0.50932E+00 -0.42541E+00  0.40000E+01  0.11853E+02
  847   10.4446 13.3417 -0.27781E+01 -0.51102E+00 -0.42712E+00  0.40000E+01  0.11732E+02
  848   10.4777 13.3436 -0.27851E+01 -0.51273E+00 -0.42882E+00  0.40000E+01  0.11615E+02
  849   10.5108 13.3456 -0.27921E+01 -0.51443E+00 -0.43053E+00  0.40000E+01  0.11500E+02
  850   10.5440 13.3475 -0.27991E+01 -0.51615E+00 -0.43224E+00  0.40000E+01  0.11382E+02
  851   10.5773 13.3494 -0.28062E+01 -0.51787E+00 -0.43396E+00  0.40000E+01  0.11269E+02
  852   10.6107 13.3512 -0.28132E+01 -0.51959E+00 -0.43568E+00  0.40000E+01  0.11154E+02
  853   10.6442 13.3531 -0.28203E+01 -0.52131E+00 -0.43741E+00  0.40000E+01  0.11042E+02
  854   10.6778 13.3550 -0.28273E+01 -0.52304E+00 -0.43913E+00  0.40000E+01  0.10927E+02
  855   10.7115 13.3569 -0.28344E+01 -0.52478E+00 -0.44087E+00  0.40000E+01  0.10816E+02
  856   10.7453 13.3587 -0.28415E+01 -0.52651E+00 -0.44261E+00  0.40000E+01  0.10705E+02
  857   10.7792 13.3606 -0.28486E+01 -0.52825E+00 -0.44435E+00  0.40000E+01  0.10595E+02
  858   10.8132 13.3624 -0.28557E+01 -0.53000E+00 -0.44609E+00  0.40000E+01  0.10487E+02
  859   10.8472 13.3642 -0.28628E+01 -0.53175E+00 -0.44784E+00  0.40000E+01  0.10378E+02
  860   10.8814 13.3661 -0.28700E+01 -0.53350E+00 -0.44959E+00  0.40000E+01  0.10270E+02
  861   10.9157 13.3679 -0.28771E+01 -0.53526E+00 -0.45135E+00  0.40000E+01  0.10163E+02
  862   10.9501 13.3697 -0.28843E+01 -0.53702E+00 -0.45311E+00  0.40000E+01  0.10058E+02
  863   10.9846 13.3715 -0.28914E+01 -0.53878E+00 -0.45488E+00  0.40000E+01  0.99530E+01
  864   11.0191 13.3733 -0.28986E+01 -0.54055E+00 -0.45665E+00  0.40000E+01  0.98495E+01
  865   11.0538 13.3751 -0.29058E+01 -0.54233E+00 -0.45842E+00  0.40000E+01  0.97440E+01
  866   11.0886 13.3769 -0.29130E+01 -0.54411E+00 -0.46020E+00  0.40000E+01  0.96413E+01
  867   11.1235 13.3786 -0.29203E+01 -0.54589E+00 -0.46198E+00  0.40000E+01  0.95392E+01
  868   11.1585 13.3804 -0.29275E+01 -0.54768E+00 -0.46377E+00  0.40000E+01  0.94381E+01
  869   11.1935 13.3821 -0.29347E+01 -0.54947E+00 -0.46556E+00  0.40000E+01  0.93384E+01
  870   11.2287 13.3839 -0.29420E+01 -0.55126E+00 -0.46735E+00  0.40000E+01  0.92381E+01
  871   11.2640 13.3856 -0.29493E+01 -0.55306E+00 -0.46915E+00  0.40000E+01  0.91394E+01
  872   11.2994 13.3874 -0.29565E+01 -0.55486E+00 -0.47095E+00  0.40000E+01  0.90427E+01
  873   11.3349 13.3891 -0.29638E+01 -0.55667E+00 -0.47276E+00  0.40000E+01  0.89457E+01
  874   11.3705 13.3908 -0.29711E+01 -0.55848E+00 -0.47457E+00  0.40000E+01  0.88493E+01
  875   11.4061 13.3925 -0.29785E+01 -0.56029E+00 -0.47638E+00  0.40000E+01  0.87525E+01
  876   11.4419 13.3942 -0.29858E+01 -0.56210E+00 -0.47820E+00  0.40000E+01  0.86577E+01
  877   11.4778 13.3959 -0.29931E+01 -0.56393E+00 -0.48002E+00  0.40000E+01  0.85646E+01
  878   11.5138 13.3976 -0.30005E+01 -0.56576E+00 -0.48185E+00  0.40000E+01  0.84707E+01
  879   11.5499 13.3993 -0.30078E+01 -0.56759E+00 -0.48368E+00  0.40000E+01  0.83786E+01
  880   11.5862 13.4010 -0.30152E+01 -0.56942E+00 -0.48551E+00  0.40000E+01  0.82881E+01
  881   11.6225 13.4026 -0.30226E+01 -0.57126E+00 -0.48735E+00  0.40000E+01  0.81961E+01
  882   11.6589 13.4043 -0.30300E+01 -0.57310E+00 -0.48919E+00  0.40000E+01  0.81059E+01
  883   11.6954 13.4059 -0.30374E+01 -0.57495E+00 -0.49104E+00  0.40000E+01  0.80169E+01
  884   11.7320 13.4076 -0.30449E+01 -0.57680E+00 -0.49290E+00  0.40000E+01  0.79282E+01
  885   11.7688 13.4092 -0.30523E+01 -0.57866E+00 -0.49475E+00  0.40000E+01  0.78414E+01
  886   11.8056 13.4109 -0.30598E+01 -0.58052E+00 -0.49661E+00  0.40000E+01  0.77539E+01
  887   11.8426 13.4125 -0.30673E+01 -0.58238E+00 -0.49848E+00  0.40000E+01  0.76681E+01
  888   11.8796 13.4141 -0.30747E+01 -0.58425E+00 -0.50034E+00  0.40000E+01  0.75827E+01
  889   11.9168 13.4157 -0.30822E+01 -0.58612E+00 -0.50222E+00  0.40000E+01  0.74966E+01
  890   11.9541 13.4173 -0.30897E+01 -0.58800E+00 -0.50409E+00  0.40000E+01  0.74125E+01
  891   11.9914 13.4189 -0.30972E+01 -0.58988E+00 -0.50597E+00  0.40000E+01  0.73288E+01
  892   12.0289 13.4205 -0.31048E+01 -0.59177E+00 -0.50786E+00  0.40000E+01  0.72463E+01
  893   12.0665 13.4221 -0.31123E+01 -0.59365E+00 -0.50975E+00  0.40000E+01  0.71639E+01
  894   12.1042 13.4237 -0.31199E+01 -0.59555E+00 -0.51164E+00  0.40000E+01  0.70821E+01
  895   12.1420 13.4252 -0.31274E+01 -0.59745E+00 -0.51354E+00  0.40000E+01  0.70035E+01
  896   12.1799 13.4268 -0.31350E+01 -0.59935E+00 -0.51544E+00  0.40000E+01  0.69237E+01
  897   12.2180 13.4283 -0.31426E+01 -0.60125E+00 -0.51735E+00  0.40000E+01  0.68444E+01
  898   12.2561 13.4299 -0.31502E+01 -0.60316E+00 -0.51926E+00  0.40000E+01  0.67642E+01
  899   12.2943 13.4314 -0.31578E+01 -0.60508E+00 -0.52117E+00  0.40000E+01  0.66866E+01
  900   12.3327 13.4330 -0.31655E+01 -0.60699E+00 -0.52309E+00  0.40000E+01  0.66095E+01
  901   12.3712 13.4345 -0.31731E+01 -0.60892E+00 -0.52501E+00  0.40000E+01  0.65348E+01
  902   12.4098 13.4360 -0.31808E+01 -0.61084E+00 -0.52693E+00  0.40000E+01  0.64579E+01
  903   12.4484 13.4375 -0.31884E+01 -0.61277E+00 -0.52886E+00  0.40000E+01  0.63835E+01
  904   12.4872 13.4390 -0.31961E+01 -0.61471E+00 -0.53081E+00  0.40000E+01  0.63098E+01
  905   12.5262 13.4405 -0.32038E+01 -0.61666E+00 -0.53275E+00  0.40000E+01  0.62344E+01
  906   12.5652 13.4420 -0.32115E+01 -0.61860E+00 -0.53469E+00  0.40000E+01  0.61631E+01
  907   12.6043 13.4435 -0.32192E+01 -0.62054E+00 -0.53663E+00  0.40000E+01  0.60908E+01
  908   12.6436 13.4450 -0.32270E+01 -0.62250E+00 -0.53859E+00  0.40000E+01  0.60191E+01
  909   12.6829 13.4465 -0.32347E+01 -0.62446E+00 -0.54055E+00  0.40000E+01  0.59486E+01
  910   12.7224 13.4480 -0.32425E+01 -0.62642E+00 -0.54251E+00  0.40000E+01  0.58795E+01
  911   12.7620 13.4494 -0.32503E+01 -0.62838E+00 -0.54448E+00  0.40000E+01  0.58087E+01
  912   12.8017 13.4509 -0.32581E+01 -0.63036E+00 -0.54645E+00  0.40000E+01  0.57394E+01
  913   12.8415 13.4523 -0.32659E+01 -0.63233E+00 -0.54842E+00  0.40000E+01  0.56706E+01
  914   12.8815 13.4538 -0.32737E+01 -0.63431E+00 -0.55040E+00  0.40000E+01  0.56042E+01
  915   12.9215 13.4552 -0.32815E+01 -0.63629E+00 -0.55238E+00  0.40000E+01  0.55376E+01
  916   12.9617 13.4567 -0.32893E+01 -0.63828E+00 -0.55437E+00  0.40000E+01  0.54697E+01
  917   13.0020 13.4581 -0.32972E+01 -0.64027E+00 -0.55637E+00  0.40000E+01  0.54041E+01
  918   13.0424 13.4595 -0.33051E+01 -0.64227E+00 -0.55837E+00  0.40000E+01  0.53397E+01
  919   13.0829 13.4609 -0.33130E+01 -0.64427E+00 -0.56037E+00  0.40000E+01  0.52754E+01
  920   13.1235 13.4623 -0.33208E+01 -0.64627E+00 -0.56237E+00  0.40000E+01  0.52109E+01
  921   13.1643 13.4637 -0.33287E+01 -0.64829E+00 -0.56438E+00  0.40000E+01  0.51479E+01
  922   13.2051 13.4651 -0.33367E+01 -0.65030E+00 -0.56640E+00  0.40000E+01  0.50855E+01
  923   13.2461 13.4665 -0.33446E+01 -0.65232E+00 -0.56841E+00  0.40000E+01  0.50239E+01
  924   13.2872 13.4679 -0.33525E+01 -0.65434E+00 -0.57043E+00  0.40000E+01  0.49620E+01
  925   13.3285 13.4693 -0.33605E+01 -0.65637E+00 -0.57246E+00  0.40000E+01  0.49015E+01
  926   13.3698 13.4706 -0.33685E+01 -0.65840E+00 -0.57449E+00  0.40000E+01  0.48413E+01
  927   13.4113 13.4720 -0.33765E+01 -0.66044E+00 -0.57653E+00  0.40000E+01  0.47806E+01
  928   13.4528 13.4734 -0.33845E+01 -0.66248E+00 -0.57857E+00  0.40000E+01  0.47218E+01
  929   13.4945 13.4747 -0.33925E+01 -0.66453E+00 -0.58062E+00  0.40000E+01  0.46638E+01
  930   13.5364 13.4761 -0.34005E+01 -0.66657E+00 -0.58267E+00  0.40000E+01  0.46065E+01
  931   13.5783 13.4774 -0.34085E+01 -0.66863E+00 -0.58472E+00  0.40000E+01  0.45488E+01
  932   13.6204 13.4788 -0.34166E+01 -0.67069E+00 -0.58679E+00  0.40000E+01  0.44906E+01
  933   13.6626 13.4801 -0.34247E+01 -0.67275E+00 -0.58885E+00  0.40000E+01  0.44354E+01
  934   13.7049 13.4814 -0.34327E+01 -0.67482E+00 -0.59091E+00  0.40000E+01  0.43812E+01
  935   13.7473 13.4827 -0.34408E+01 -0.67689E+00 -0.59298E+00  0.40000E+01  0.43245E+01
  936   13.7898 13.4841 -0.34489E+01 -0.67897E+00 -0.59506E+00  0.40000E+01  0.42705E+01
  937   13.8325 13.4854 -0.34570E+01 -0.68105E+00 -0.59714E+00  0.40000E+01  0.42171E+01
  938   13.8753 13.4867 -0.34652E+01 -0.68314E+00 -0.59923E+00  0.40000E+01  0.41641E+01
  939   13.9182 13.4880 -0.34734E+01 -0.68523E+00 -0.60133E+00  0.40000E+01  0.41095E+01
  940   13.9613 13.4893 -0.34815E+01 -0.68731E+00 -0.60341E+00  0.40000E+01  0.40571E+01
  941   14.0044 13.4905 -0.34896E+01 -0.68941E+00 -0.60551E+00  0.40000E+01  0.40057E+01
  942   14.0477 13.4918 -0.34979E+01 -0.69153E+00 -0.60762E+00  0.40000E+01  0.39549E+01
  943   14.0911 13.4931 -0.35061E+01 -0.69363E+00 -0.60972E+00  0.40000E+01  0.39034E+01
  944   14.1347 13.4944 -0.35143E+01 -0.69574E+00 -0.61184E+00  0.40000E+01  0.38535E+01
  945   14.1784 13.4956 -0.35225E+01 -0.69786E+00 -0.61396E+00  0.40000E+01  0.38043E+01
  946   14.2221 13.4969 -0.35307E+01 -0.69999E+00 -0.61608E+00  0.40000E+01  0.37549E+01
  947   14.2661 13.4981 -0.35390E+01 -0.70211E+00 -0.61821E+00  0.40000E+01  0.37063E+01
  948   14.3101 13.4994 -0.35473E+01 -0.70424E+00 -0.62033E+00  0.40000E+01  0.36599E+01
  949   14.3543 13.5006 -0.35555E+01 -0.70637E+00 -0.62247E+00  0.40000E+01  0.36106E+01
  950   14.3986 13.5019 -0.35638E+01 -0.70852E+00 -0.62461E+00  0.40000E+01  0.35635E+01
  951   14.4430 13.5031 -0.35721E+01 -0.71066E+00 -0.62675E+00  0.40000E+01  0.35173E+01
  952   14.4876 13.5043 -0.35805E+01 -0.71281E+00 -0.62890E+00  0.40000E+01  0.34718E+01
  953   14.5323 13.5056 -0.35888E+01 -0.71496E+00 -0.63106E+00  0.40000E+01  0.34256E+01
  954   14.5771 13.5068 -0.35972E+01 -0.71713E+00 -0.63322E+00  0.40000E+01  0.33807E+01
  955   14.6220 13.5080 -0.36056E+01 -0.71929E+00 -0.63539E+00  0.40000E+01  0.33362E+01
  956   14.6671 13.5092 -0.36139E+01 -0.72146E+00 -0.63755E+00  0.40000E+01  0.32929E+01
  957   14.7123 13.5104 -0.36223E+01 -0.72363E+00 -0.63972E+00  0.40000E+01  0.32495E+01
  958   14.7576 13.5116 -0.36307E+01 -0.72581E+00 -0.64190E+00  0.40000E+01  0.32058E+01
  959   14.8031 13.5128 -0.36392E+01 -0.72799E+00 -0.64409E+00  0.40000E+01  0.31629E+01
  960   14.8487 13.5140 -0.36476E+01 -0.73018E+00 -0.64627E+00  0.40000E+01  0.31198E+01
  961   14.8944 13.5151 -0.36560E+01 -0.73237E+00 -0.64847E+00  0.40000E+01  0.30784E+01
  962   14.9403 13.5163 -0.36645E+01 -0.73457E+00 -0.65066E+00  0.40000E+01  0.30374E+01
  963   14.9863 13.5175 -0.36730E+01 -0.73678E+00 -0.65287E+00  0.40000E+01  0.29964E+01
  964   15.0324 13.5186 -0.36815E+01 -0.73899E+00 -0.65508E+00  0.40000E+01  0.29557E+01
  965   15.0787 13.5198 -0.36900E+01 -0.74120E+00 -0.65729E+00  0.40000E+01  0.29161E+01
  966   15.1250 13.5210 -0.36985E+01 -0.74341E+00 -0.65950E+00  0.40000E+01  0.28768E+01
  967   15.1716 13.5221 -0.37071E+01 -0.74562E+00 -0.66171E+00  0.40000E+01  0.28375E+01
  968   15.2182 13.5233 -0.37156E+01 -0.74784E+00 -0.66394E+00  0.40000E+01  0.27992E+01
  969   15.2650 13.5244 -0.37242E+01 -0.75007E+00 -0.66617E+00  0.40000E+01  0.27605E+01
  970   15.3119 13.5255 -0.37328E+01 -0.75231E+00 -0.66841E+00  0.40000E+01  0.27224E+01
  971   15.3590 13.5267 -0.37414E+01 -0.75456E+00 -0.67065E+00  0.40000E+01  0.26850E+01
  972   15.4062 13.5278 -0.37500E+01 -0.75679E+00 -0.67289E+00  0.40000E+01  0.26483E+01
  973   15.4535 13.5289 -0.37586E+01 -0.75905E+00 -0.67514E+00  0.40000E+01  0.26118E+01
  974   15.5010 13.5300 -0.37672E+01 -0.76130E+00 -0.67739E+00  0.40000E+01  0.25765E+01
  975   15.5486 13.5311 -0.37759E+01 -0.76356E+00 -0.67965E+00  0.40000E+01  0.25406E+01
  976   15.5964 13.5322 -0.37845E+01 -0.76582E+00 -0.68191E+00  0.40000E+01  0.25054E+01
  977   15.6443 13.5333 -0.37932E+01 -0.76808E+00 -0.68418E+00  0.40000E+01  0.24700E+01
  978   15.6923 13.5344 -0.38019E+01 -0.77036E+00 -0.68645E+00  0.40000E+01  0.24354E+01
  979   15.7405 13.5355 -0.38106E+01 -0.77264E+00 -0.68873E+00  0.40000E+01  0.24018E+01
  980   15.7888 13.5366 -0.38193E+01 -0.77492E+00 -0.69101E+00  0.40000E+01  0.23680E+01
  981   15.8372 13.5377 -0.38281E+01 -0.77721E+00 -0.69330E+00  0.40000E+01  0.23346E+01
  982   15.8858 13.5388 -0.38368E+01 -0.77950E+00 -0.69559E+00  0.40000E+01  0.23017E+01
  983   15.9345 13.5398 -0.38456E+01 -0.78180E+00 -0.69789E+00  0.40000E+01  0.22693E+01
  984   15.9834 13.5409 -0.38544E+01 -0.78410E+00 -0.70019E+00  0.40000E+01  0.22375E+01
  985   16.0324 13.5420 -0.38632E+01 -0.78641E+00 -0.70250E+00  0.40000E+01  0.22055E+01
  986   16.0815 13.5430 -0.38720E+01 -0.78871E+00 -0.70481E+00  0.40000E+01  0.21744E+01
  987   16.1308 13.5441 -0.38808E+01 -0.79103E+00 -0.70712E+00  0.40000E+01  0.21436E+01
  988   16.1802 13.5451 -0.38896E+01 -0.79335E+00 -0.70944E+00  0.40000E+01  0.21130E+01
  989   16.2298 13.5462 -0.38985E+01 -0.79567E+00 -0.71177E+00  0.40000E+01  0.20823E+01
  990   16.2795 13.5472 -0.39074E+01 -0.79801E+00 -0.71410E+00  0.40000E+01  0.20525E+01
  991   16.3293 13.5483 -0.39162E+01 -0.80034E+00 -0.71643E+00  0.40000E+01  0.20233E+01
  992   16.3793 13.5493 -0.39251E+01 -0.80268E+00 -0.71877E+00  0.40000E+01  0.19941E+01
  993   16.4295 13.5503 -0.39341E+01 -0.80503E+00 -0.72112E+00  0.40000E+01  0.19656E+01
  994   16.4798 13.5513 -0.39430E+01 -0.80738E+00 -0.72347E+00  0.40000E+01  0.19371E+01
  995   16.5302 13.5524 -0.39519E+01 -0.80974E+00 -0.72583E+00  0.40000E+01  0.19088E+01
  996   16.5808 13.5534 -0.39609E+01 -0.81210E+00 -0.72819E+00  0.40000E+01  0.18817E+01
  997   16.6315 13.5544 -0.39699E+01 -0.81446E+00 -0.73055E+00  0.40000E+01  0.18540E+01
  998   16.6824 13.5554 -0.39789E+01 -0.81683E+00 -0.73293E+00  0.40000E+01  0.18270E+01
  999   16.7334 13.5564 -0.39879E+01 -0.81921E+00 -0.73530E+00  0.40000E+01  0.18005E+01
 1000   16.7846 13.5574 -0.39969E+01 -0.82159E+00 -0.73768E+00  0.40000E+01  0.17731E+01
