#age    agebin SFR_an1       e_SFR_an1     SFR_an2       e_SFR_an2     SFR_an3       e_SFR_an3     SFR_an4       e_SFR_an4     SFR_an5       e_SFR_an5
# Gyr   Gyr    Msun/yr       Msun/yr       Msun/yr       Msun/yr       Msun/yr       Msun/yr       Msun/yr       Msun/yr       Msun/yr       Msun/yr
 5.500  0.500  0.0000299842  0.0000094026  0.0000157345  0.0000050417  0.0000095775  0.0000032435  0.0000077160  0.0000031310  0.0000111145  0.0000063098
 6.500  0.500  0.0000635673  0.0000263630  0.0000250390  0.0000106038  0.0000132381  0.0000060576  0.0000057204  0.0000033353  0.0000129239  0.0000067285
 7.500  0.500  0.0000860855  0.0000230493  0.0000401745  0.0000122290  0.0000152980  0.0000048481  0.0000090147  0.0000035972  0.0000126478  0.0000074900
 8.500  0.500  0.0001916546  0.0000435551  0.0000720323  0.0000183598  0.0000281070  0.0000101108  0.0000143267  0.0000047415  0.0000149703  0.0000090750
 9.500  0.500  0.0002942198  0.0000641996  0.0001656851  0.0000339469  0.0000555569  0.0000153283  0.0000202604  0.0000062297  0.0000290394  0.0000153614
10.500  0.500  0.0003491132  0.0000824427  0.0002764826  0.0000547452  0.0001092956  0.0000253691  0.0000516215  0.0000162131  0.0000805542  0.0000409934
11.500  0.500  0.0003430122  0.0000632543  0.0002964560  0.0000416819  0.0001996599  0.0000287074  0.0001324793  0.0000237166  0.0001319611  0.0000581450
12.500  0.500  0.0004571041  0.0000869169  0.0004122016  0.0000705638  0.0003915639  0.0000482603  0.0003492883  0.0000394087  0.0004189845  0.0001146379
13.500  0.500  0.0005068283  0.0000995375  0.0004216760  0.0000740679  0.0004999804  0.0000488554  0.0005068933  0.0000540650  0.0007986215  0.0001330542
