#age    agebin SFR_an1       e_SFR_an1     SFR_an2       e_SFR_an2     SFR_an3       e_SFR_an3 
# Gyr   Gyr    Msun/yr       Msun/yr       Msun/yr       Msun/yr       Msun/yr       Msun/yr   
 0.375  0.125  0.0000130178  0.0000035329  0.0000078347  0.0000024733  0.0000029902  0.0000010630
 0.625  0.125  0.0000064851  0.0000027361  0.0000039500  0.0000018274  0.0000009540  0.0000007149
 0.875  0.125  0.0000028509  0.0000018895  0.0000026467  0.0000016384  0.0000008541  0.0000005588
 1.125  0.125  0.0000052150  0.0000023803  0.0000024185  0.0000018781  0.0000005366  0.0000005899
 1.375  0.125  0.0000189436  0.0000068777  0.0000122594  0.0000051777  0.0000040138  0.0000014416
 1.625  0.125  0.0000264355  0.0000118187  0.0000227818  0.0000088665  0.0000063297  0.0000020002
 1.875  0.125  0.0000173598  0.0000109001  0.0000151892  0.0000074446  0.0000062219  0.0000019807
 2.250  0.250  0.0000269388  0.0000162699  0.0000189274  0.0000107583  0.0000046972  0.0000014803
 2.750  0.250  0.0000478826  0.0000294214  0.0000297260  0.0000168471  0.0000051258  0.0000014263
 3.250  0.250  0.0000695001  0.0000270161  0.0000272513  0.0000149703  0.0000062147  0.0000018706
 3.750  0.250  0.0000717554  0.0000285700  0.0000452991  0.0000193477  0.0000083470  0.0000022948
 4.250  0.250  0.0000756859  0.0000332026  0.0000472690  0.0000168987  0.0000071723  0.0000025872
 4.750  0.250  0.0000720960  0.0000264052  0.0000542369  0.0000190975  0.0000101935  0.0000028300
 5.250  0.250  0.0000913338  0.0000350257  0.0000568508  0.0000211293  0.0000168922  0.0000044136
 5.750  0.250  0.0000845948  0.0000309752  0.0000604001  0.0000215258  0.0000128966  0.0000043889
 6.250  0.250  0.0000577620  0.0000288994  0.0000412612  0.0000187620  0.0000124852  0.0000048361
 6.750  0.250  0.0000364147  0.0000208320  0.0000310460  0.0000163457  0.0000209780  0.0000061101
 7.250  0.250  0.0000238906  0.0000153863  0.0000224736  0.0000136513  0.0000127368  0.0000050983
 7.750  0.250  0.0000201342  0.0000126682  0.0000153617  0.0000094257  0.0000073876  0.0000060629
 8.250  0.250  0.0000115078  0.0000093993  0.0000150249  0.0000091786  0.0000147248  0.0000071860
 8.750  0.250  0.0000217703  0.0000167081  0.0000307305  0.0000204062  0.0000121803  0.0000062781
 9.250  0.250  0.0000259517  0.0000186904  0.0000377552  0.0000243833  0.0000252530  0.0000103765
 9.750  0.250  0.0000265784  0.0000188920  0.0000386697  0.0000217087  0.0000303888  0.0000136939
10.250  0.250  0.0000268792  0.0000201455  0.0000271844  0.0000176608  0.0000247647  0.0000144334
10.750  0.250  0.0000172660  0.0000147402  0.0000371423  0.0000273910  0.0000287423  0.0000130631
11.250  0.250  0.0000182879  0.0000189546  0.0000237426  0.0000201010  0.0000337682  0.0000217619
11.750  0.250  0.0000092468  0.0000111241  0.0000146464  0.0000162703  0.0000126963  0.0000120759
12.250  0.250  0.0000236121  0.0000218164  0.0000143929  0.0000146514  0.0000204362  0.0000181475
12.750  0.250  0.0000137924  0.0000135585  0.0000169366  0.0000158593  0.0000142167  0.0000133696
13.250  0.250  0.0000150866  0.0000135693  0.0000206194  0.0000172467  0.0000196860  0.0000222631
13.750  0.250  0.0000208842  0.0000152097  0.0000259952  0.0000175190  0.0000278157  0.0000231903
